[10007, 9966, 9924, 10103]
[9987, 10093, 9892, 10028]
[10064, 9849, 9882, 10205]
[9940, 9935, 10206, 9919]
[10063, 10100, 9833, 10004]
[10035, 9863, 9973, 10129]
[9986, 10144, 9887, 9983]
[9801, 10111, 9940, 10148]
[9961, 10016, 10041, 9982]
[10075, 9591, 10224, 10110]
[9947, 10121, 10188, 9744]
[10107, 10092, 9857, 9944]
[10086, 10147, 9865, 9902]
[10069, 10168, 9873, 9890]
[9882, 10010, 10028, 10080]
[9966, 10233, 10161, 9640]
[9888, 10237, 9964, 9911]
[10154, 10006, 9900, 9940]
[10014, 9985, 10066, 9935]
[9778, 10114, 10049, 10059]
[10061, 10033, 9946, 9960]
[10060, 10145, 9800, 9995]
[10119, 10092, 9830, 9959]
[10106, 10030, 9896, 9968]
[9890, 10268, 9880, 9962]
[9898, 10076, 9938, 10088]
[9927, 10134, 9754, 10185]
[9966, 9984, 10097, 9953]
[10090, 9915, 9869, 10126]
[9924, 9984, 10048, 10044]
[9929, 9859, 10216, 9996]
[10421, 9667, 9969, 9943]
[9904, 9811, 10192, 10093]
