[100006575, 100009160, 99994972, 99989293]
[99994037, 99997601, 100006688, 100001674]
[99985132, 99988817, 100005844, 100020207]
[100001631, 99993115, 100020494, 99984760]
[100002368, 100001206, 99985208, 100011218]
[100006390, 100003108, 100002238, 99988264]
[99987407, 99986800, 100005455, 100020338]
[99990231, 99998445, 100019836, 99991488]
[100014153, 99988555, 100000443, 99996849]
[99988089, 100007310, 100019176, 99985425]
[100033099, 99985739, 99988084, 99993078]
[99998368, 99994511, 100002923, 100004198]
[99988345, 100021135, 99991815, 99998705]
[100016806, 100005076, 99987931, 99990187]
[99994957, 99992915, 99983567, 100028561]
[99995978, 99983929, 99998109, 100021984]
[100009210, 99996377, 100002751, 99991662]
[100001914, 100014099, 99996097, 99987890]
[100018604, 100003891, 99973827, 100003678]
[99990964, 100027199, 99991741, 99990096]
[100002096, 100020149, 99992283, 99985472]
[100000672, 99984637, 100024310, 99990381]
[100017510, 99988028, 99995804, 99998658]
[99987191, 100017820, 99977801, 100017188]
[99997828, 99988201, 99994928, 100019043]
[99979007, 100009186, 100001442, 100010365]
[100015000, 99995529, 99992484, 99996987]
[100016778, 100008610, 99973427, 100001185]
[100001612, 100004817, 99989816, 100003755]
[100006470, 99990285, 100006574, 99996671]
[99996580, 99999346, 100004382, 99999692]
[99978452, 99996963, 100025506, 99999079]
[100019093, 99980768, 99985839, 100014300]
[100004596, 99987558, 100007347, 100000499]
[100001510, 99982534, 99998302, 100017654]
[99988329, 100006767, 99997364, 100007540]
[100004515, 100018430, 99978907, 99998148]
[100003050, 100014240, 99973043, 100009667]
[99997792, 99992623, 100009553, 100000032]
[100003412, 99997061, 100012532, 99986995]
[99979127, 100019152, 100003397, 99998324]
[99992100, 99994005, 100012816, 100001079]
[100015800, 99978343, 100000497, 100005360]
[100003853, 99999281, 99982144, 100014722]
[100012777, 100011265, 100002529, 99973429]
[99996271, 100017903, 99992525, 99993301]
[99976717, 100015405, 100009089, 99998789]
[100038437, 99979030, 99986748, 99995785]
[100005250, 100000354, 100008479, 99985917]
[100003621, 100005944, 99999200, 99991235]
[99997199, 99981813, 100024236, 99996752]
[99990958, 100010092, 100008276, 99990674]
[100017620, 99987597, 99989517, 100005266]
[99988155, 100004327, 99995686, 100011832]
[99991110, 100009526, 99984360, 100015004]
[100014748, 100009349, 99987619, 99988284]
[100001639, 99991126, 100003905, 100003330]
[99982905, 99998913, 100011246, 100006936]
[100012416, 99989995, 99987506, 100010083]
[100019648, 100002659, 99988182, 99989511]
[99995265, 100030664, 99973905, 100000166]
[100011653, 99994195, 100000351, 99993801]
[100018532, 99986754, 99990104, 100004610]
[99984936, 99996852, 100015284, 100002928]
[99986825, 100017124, 100003961, 99992090]
[99997476, 99997108, 100003216, 100002200]
[100032632, 100001896, 99983996, 99981476]
[99985387, 100012052, 99995813, 100006748]
[99995147, 100009066, 100011857, 99983930]
[100001176, 99994499, 100013178, 99991147]
[100008681, 99989171, 100004951, 99997197]
[100015499, 100007977, 100010198, 99966326]
[100010199, 99992093, 100005311, 99992397]
[100009830, 100004384, 99985774, 100000012]
[100003857, 99978367, 100020872, 99996904]
[99996372, 99997879, 100010157, 99995592]
[100000311, 99990195, 100002859, 100006635]
[100010900, 99985111, 99995912, 100008077]
