859000000 [50000002 rands]: [0.255064,0.545587,0.17175725,0.0264235,0.00116825,0.0,0.0,0.0,0.0,0.0,0.139609,0.368095,0.43945974,0.05283625,0.0131955,0.0008085,0.00079975,0.0,0.265114,0.5439245,0.17866275,0.01229875], [0.22508243,0.23625691,0.18937434,0.07823234,0.017049855,0.0,0.0,0.0,0.0,0.0,0.17345987,0.23032793,0.23813924,0.10981072,0.056648068,0.014194058,0.01411729,0.0,0.14233479,0.24474812,0.14263742,0.054068737]
860000000 [100000003 rands]: [0.25506324,0.54558825,0.171755,0.02642525,0.00116825,0.0,0.0,0.0,0.0,0.0,0.139604,0.36811274,0.439455,0.05282825,0.0131965,0.000809,0.0008,0.0,0.265112,0.54393077,0.17865776,0.0122995], [0.22508231,0.23626052,0.18938148,0.078234546,0.017049858,0.0,0.0,0.0,0.0,0.0,0.17345487,0.23032871,0.23813967,0.10980888,0.056652248,0.014198436,0.01411949,0.0,0.14234157,0.24475811,0.14263317,0.054070298]
861000000 [150000004 rands]: [0.255065,0.54558474,0.171755,0.0264265,0.00116875,0.0,0.0,0.0,0.0,0.0,0.13961175,0.368103,0.439461,0.05282425,0.01319225,0.00080925,0.0008,0.0,0.265105,0.5439355,0.17866375,0.01229575], [0.22508048,0.23625298,0.18937357,0.07823772,0.01705349,0.0,0.0,0.0,0.0,0.0,0.17345463,0.23033033,0.23814604,0.10979657,0.056642756,0.014200621,0.014119491,0.0,0.14233664,0.24474946,0.1426274,0.054062486]
862000000 [200000005 rands]: [0.25506175,0.5455862,0.17175725,0.026427,0.00116775,0.0,0.0,0.0,0.0,0.0,0.1396095,0.368095,0.43947524,0.05282025,0.01319625,0.00080875,0.0008,0.0,0.26511025,0.5439342,0.1786565,0.012299], [0.2250865,0.23625903,0.189374,0.07823755,0.01704623,0.0,0.0,0.0,0.0,0.0,0.17345226,0.2303271,0.23814456,0.10979223,0.056651756,0.014196249,0.014119491,0.0,0.142342,0.24475336,0.14263058,0.054069262]
863000000 [250000006 rands]: [0.25506374,0.54557776,0.17175925,0.02643075,0.0011685,0.0,0.0,0.0,0.0,0.0,0.13961375,0.368091,0.43946925,0.052826,0.0131935,0.0008095,0.0008,0.0,0.265106,0.54393625,0.17866175,0.012296], [0.22507867,0.23624402,0.18937089,0.07824067,0.017051674,0.0,0.0,0.0,0.0,0.0,0.17345874,0.23033074,0.2381422,0.10980284,0.05664302,0.014202806,0.01411949,0.0,0.1423343,0.24474919,0.14263605,0.054063]
864000000 [300000007 rands]: [0.25506175,0.5455925,0.1717535,0.0264235,0.00116875,0.0,0.0,0.0,0.0,0.0,0.139611,0.3680965,0.43945676,0.05283575,0.01319525,0.00080825,0.00079925,0.0,0.26511276,0.54392374,0.17866325,0.01230025], [0.22508931,0.23626721,0.18937163,0.078233145,0.017053492,0.0,0.0,0.0,0.0,0.0,0.17345719,0.23032795,0.23814481,0.10980868,0.056646477,0.014191872,0.014112891,0.0,0.14233558,0.24475093,0.14263591,0.054071862]
865000000 [350000008 rands]: [0.255066,0.5455855,0.17175475,0.02642525,0.0011685,0.0,0.0,0.0,0.0,0.0,0.1396035,0.36811,0.43946126,0.05282525,0.013197,0.00080925,0.00079975,0.0,0.2651085,0.5439367,0.17865676,0.012298], [0.22509128,0.23627096,0.18938123,0.07823375,0.017051676,0.0,0.0,0.0,0.0,0.0,0.1734546,0.23032942,0.23813704,0.10980864,0.05665324,0.014200621,0.014117291,0.0,0.14233714,0.24475624,0.1426344,0.054067172]
866000000 [400000009 rands]: [0.2550635,0.545584,0.17175475,0.02642925,0.0011685,0.0,0.0,0.0,0.0,0.0,0.1396145,0.3680995,0.43945724,0.05282875,0.01319375,0.0008095,0.00080025,0.0,0.26510924,0.54392976,0.17866474,0.01229625], [0.22507827,0.23625086,0.18937625,0.078240395,0.017051676,0.0,0.0,0.0,0.0,0.0,0.17345616,0.23032506,0.2381405,0.10980123,0.05664682,0.014202807,0.014121689,0.0,0.14233507,0.24474452,0.14262572,0.05406353]
867000000 [450000010 rands]: [0.25505924,0.54558325,0.1717605,0.02642875,0.00116825,0.0,0.0,0.0,0.0,0.0,0.13961375,0.368091,0.4394745,0.05282075,0.01319675,0.00080825,0.00080025,0.0,0.26511124,0.54393077,0.17865825,0.01229975], [0.22508405,0.23625508,0.18937057,0.078242145,0.017049858,0.0,0.0,0.0,0.0,0.0,0.17345405,0.23032074,0.23814553,0.10979427,0.056651633,0.014191872,0.01412169,0.0,0.14234011,0.24475327,0.14263032,0.054070815]
868000000 [500000011 rands]: [0.25505924,0.5455837,0.17175925,0.026429,0.00116875,0.0,0.0,0.0,0.0,0.0,0.13961275,0.36809924,0.43946075,0.05282725,0.0131925,0.00080875,0.0008,0.0,0.26511025,0.543934,0.1786585,0.01229725], [0.22508349,0.23625423,0.18937613,0.078237675,0.01705349,0.0,0.0,0.0,0.0,0.0,0.17345597,0.23033479,0.23814705,0.109801956,0.056641042,0.014196248,0.014119491,0.0,0.14233495,0.24475124,0.14263463,0.054065615]
869000000 [550000012 rands]: [0.255056,0.5455925,0.171759,0.02642425,0.00116825,0.0,0.0,0.0,0.0,0.0,0.1396115,0.36809424,0.43946424,0.05283,0.01319525,0.000809,0.00080025,0.0,0.26510775,0.543933,0.17866126,0.012298], [0.22508565,0.23626086,0.1893772,0.07823169,0.017049858,0.0,0.0,0.0,0.0,0.0,0.17346002,0.23032494,0.23813727,0.10980604,0.056648683,0.014198436,0.014121687,0.0,0.14233305,0.2447458,0.14263624,0.054067172]
870000000 [600000014 rands]: [0.2550775,0.5455795,0.17174925,0.02642425,0.0011695,0.0,0.0,0.0,0.0,0.0,0.13960125,0.3681075,0.43946475,0.0528265,0.0131985,0.0008095,0.00079925,0.0,0.265102,0.5439405,0.17866126,0.01229625], [0.22509071,0.23626839,0.18937266,0.07823329,0.017058933,0.0,0.0,0.0,0.0,0.0,0.1734483,0.23031744,0.23813398,0.10980318,0.056656197,0.014202808,0.014112891,0.0,0.14234264,0.24475901,0.1426301,0.05406353]
871000000 [650000015 rands]: [0.255058,0.5455875,0.17175825,0.0264275,0.00116875,0.0,0.0,0.0,0.0,0.0,0.13961175,0.3680945,0.439472,0.05282175,0.01319625,0.0008085,0.00079975,0.0,0.26511624,0.54392225,0.17866075,0.01230075], [0.2250823,0.23625389,0.18937145,0.07824137,0.017053489,0.0,0.0,0.0,0.0,0.0,0.17345245,0.23033088,0.2381457,0.109792635,0.056650653,0.01419406,0.014117289,0.0,0.14234355,0.24475606,0.1426294,0.054072905]
872000000 [700000016 rands]: [0.2550575,0.54558474,0.171758,0.0264315,0.00116825,0.0,0.0,0.0,0.0,0.0,0.13961625,0.36809525,0.439463,0.0528255,0.01319275,0.0008095,0.00079975,0.0,0.2651095,0.543937,0.17865776,0.01229575], [0.22508147,0.23625298,0.18937217,0.078243226,0.017049856,0.0,0.0,0.0,0.0,0.0,0.17345998,0.23032899,0.23814052,0.10979968,0.05664264,0.014202807,0.014117292,0.0,0.1423278,0.24474286,0.14263362,0.054062486]
873000000 [750000017 rands]: [0.25505424,0.54559076,0.17176,0.0264265,0.0011685,0.0,0.0,0.0,0.0,0.0,0.13961025,0.368101,0.43945676,0.052832,0.0131965,0.0008085,0.0008005,0.0,0.26511076,0.54392475,0.1786645,0.0123], [0.22508669,0.23626082,0.18937695,0.07823532,0.017051676,0.0,0.0,0.0,0.0,0.0,0.1734594,0.2303357,0.2381522,0.10980678,0.056650043,0.014194059,0.014123888,0.0,0.14233667,0.24474917,0.14263414,0.054071352]
874000000 [800000018 rands]: [0.2550655,0.54558325,0.171759,0.02642425,0.001168,0.0,0.0,0.0,0.0,0.0,0.1396015,0.3681125,0.439462,0.052824,0.0131975,0.00080875,0.00079975,0.0,0.265108,0.543936,0.1786575,0.0122985], [0.22508956,0.23626332,0.18938214,0.07823409,0.01704804,0.0,0.0,0.0,0.0,0.0,0.17345186,0.23032409,0.23814286,0.109806634,0.05665422,0.014196248,0.01411729,0.0,0.14234202,0.24475749,0.14263324,0.054068215]
875000000 [850000020 rands]: [0.2550555,0.5455918,0.17175925,0.02642575,0.00116775,0.0,0.0,0.0,0.0,0.0,0.139615,0.36809224,0.439461,0.05283175,0.01319475,0.00080925,0.00080075,0.0,0.26510975,0.543932,0.178661,0.01229725], [0.22508375,0.2362601,0.18937385,0.07823358,0.017046232,0.0,0.0,0.0,0.0,0.0,0.17346479,0.23033112,0.23813765,0.10981004,0.056646585,0.014200622,0.014126089,0.0,0.14233592,0.24475674,0.1426429,0.054065607]
876000000 [900000022 rands]: [0.25505725,0.5455788,0.17176525,0.0264295,0.00116925,0.0,0.0,0.0,0.0,0.0,0.13961375,0.36808974,0.4394765,0.05282,0.0131935,0.0008085,0.0008,0.0,0.26511326,0.543927,0.17865875,0.012301], [0.2250844,0.23626734,0.18937202,0.07824071,0.01705712,0.0,0.0,0.0,0.0,0.0,0.17344831,0.23032263,0.23813951,0.10979265,0.05664412,0.014194058,0.014119492,0.0,0.14234518,0.24475583,0.14262885,0.054073427]
877000000 [950000024 rands]: [0.25507,0.5455763,0.17175324,0.026432,0.0011685,0.0,0.0,0.0,0.0,0.0,0.13961,0.368108,0.43945724,0.05282475,0.0131985,0.000809,0.00079925,0.0,0.2651035,0.5439367,0.17866175,0.012298], [0.22508788,0.23626465,0.18937004,0.07824385,0.017051676,0.0,0.0,0.0,0.0,0.0,0.17345332,0.2303237,0.23814255,0.10980201,0.056653988,0.014198435,0.014112891,0.0,0.1423328,0.24475268,0.14263341,0.054067176]
878000000 [1000000024 rands]: [0.255057,0.5455865,0.17176124,0.026427,0.00116825,0.0,0.0,0.0,0.0,0.0,0.139606,0.368106,0.43946624,0.05282175,0.01319625,0.000809,0.00079975,0.0,0.26510674,0.543933,0.1786605,0.01229975], [0.22508979,0.23626731,0.18937466,0.07823916,0.01704986,0.0,0.0,0.0,0.0,0.0,0.17344788,0.23032334,0.23814304,0.1097955,0.056649555,0.0141984355,0.014117291,0.0,0.14234018,0.24475399,0.14263563,0.054070827]
879000000 [1050000024 rands]: [0.25506574,0.5455812,0.17175625,0.026428,0.00116875,0.0,0.0,0.0,0.0,0.0,0.13961574,0.368092,0.43946275,0.0528295,0.01319375,0.00080925,0.00080025,0.0,0.265111,0.54393,0.17866226,0.01229675], [0.22507475,0.2362428,0.18937162,0.07823722,0.01705349,0.0,0.0,0.0,0.0,0.0,0.17346293,0.23032457,0.23814054,0.10980799,0.056644615,0.014200622,0.014121689,0.0,0.14233203,0.2447489,0.14263411,0.054064564]
880000000 [1100000025 rands]: [0.25505725,0.5455862,0.171761,0.0264265,0.001169,0.0,0.0,0.0,0.0,0.0,0.139613,0.36809626,0.43946025,0.0528305,0.01319425,0.0008085,0.000801,0.0,0.26510975,0.543931,0.17866126,0.012298], [0.22509106,0.23626779,0.1893787,0.078236915,0.017055305,0.0,0.0,0.0,0.0,0.0,0.17345849,0.23033448,0.23813836,0.10980921,0.0566456,0.014194058,0.014128287,0.0,0.14234073,0.24475642,0.14263275,0.05406717]
881000000 [1150000026 rands]: [0.25506374,0.54558724,0.17175324,0.02642825,0.0011675,0.0,0.0,0.0,0.0,0.0,0.139611,0.36810374,0.439455,0.05283025,0.013196,0.0008095,0.00080025,0.0,0.26511025,0.54393476,0.1786595,0.0122955], [0.22509095,0.23626755,0.18937665,0.07823832,0.017044412,0.0,0.0,0.0,0.0,0.0,0.17345971,0.23032872,0.2381439,0.10981018,0.056652363,0.014202807,0.014121689,0.0,0.14233276,0.24474566,0.14262986,0.054061968]
882000000 [1200000027 rands]: [0.25506374,0.545583,0.17176025,0.02642425,0.00116875,0.0,0.0,0.0,0.0,0.0,0.13960575,0.3681095,0.4394615,0.05282325,0.01319975,0.00080875,0.0007995,0.0,0.26510775,0.54393274,0.1786595,0.0123], [0.22508535,0.23626323,0.18937655,0.07823328,0.017053492,0.0,0.0,0.0,0.0,0.0,0.1734515,0.23032019,0.23814197,0.109796494,0.056659758,0.014196249,0.014115092,0.0,0.14233963,0.24475724,0.142636,0.05407135]
883000000 [1250000028 rands]: [0.2550615,0.545581,0.171766,0.02642375,0.00116775,0.0,0.0,0.0,0.0,0.0,0.13960525,0.3681045,0.4394665,0.05282375,0.0131965,0.0008085,0.000799,0.0,0.26511124,0.54392976,0.17865875,0.01230025], [0.22507975,0.23625357,0.18938076,0.07823425,0.01704623,0.0,0.0,0.0,0.0,0.0,0.17344864,0.23032765,0.23814271,0.10979567,0.05665114,0.014194058,0.014110691,0.0,0.14233924,0.2447506,0.14263104,0.05407186]
884000000 [1300000029 rands]: [0.255072,0.54558223,0.17175025,0.026427,0.0011685,0.0,0.0,0.0,0.0,0.0,0.13961175,0.36808625,0.43947476,0.05282725,0.01319225,0.0008095,0.00079925,0.0,0.265108,0.5439342,0.17866,0.01229775], [0.2250781,0.23624474,0.18936813,0.078236744,0.017051674,0.0,0.0,0.0,0.0,0.0,0.17345786,0.23032793,0.23814175,0.10979855,0.05664055,0.014202808,0.014112889,0.0,0.14234026,0.24475597,0.14263275,0.054066647]
885000000 [1350000030 rands]: [0.25505725,0.54559475,0.1717495,0.026429,0.0011695,0.0,0.0,0.0,0.0,0.0,0.13961475,0.3680855,0.43947175,0.052828,0.01319525,0.0008085,0.00080125,0.0,0.26510975,0.5439285,0.178664,0.01229775], [0.22509192,0.23626637,0.18937095,0.07823927,0.017058933,0.0,0.0,0.0,0.0,0.0,0.17345828,0.23032385,0.23813944,0.10980529,0.05664758,0.014194058,0.014130484,0.0,0.1423381,0.24475066,0.14263256,0.054066654]
886000000 [1400000032 rands]: [0.2550685,0.54557973,0.171755,0.026429,0.00116775,0.0,0.0,0.0,0.0,0.0,0.13960674,0.36811724,0.43945074,0.05282525,0.013199,0.000809,0.00079975,0.0,0.26510575,0.54394025,0.17865925,0.01229475], [0.22509316,0.23626874,0.18937553,0.07824167,0.01704623,0.0,0.0,0.0,0.0,0.0,0.17345719,0.23032747,0.23814122,0.10980578,0.056659393,0.0141984355,0.014117288,0.0,0.14233325,0.2447495,0.14263085,0.054060392]
887000000 [1450000033 rands]: [0.25506476,0.545574,0.17176574,0.02642625,0.00116925,0.0,0.0,0.0,0.0,0.0,0.139609,0.3681065,0.43946174,0.05282275,0.01319425,0.00080875,0.00079975,0.0,0.265112,0.5439268,0.17866226,0.012299], [0.22507812,0.23624805,0.18938048,0.0782366,0.017057119,0.0,0.0,0.0,0.0,0.0,0.17345302,0.23033914,0.23815481,0.10979502,0.0566456,0.014196248,0.014117291,0.0,0.1423363,0.24474938,0.1426319,0.054069262]
888000000 [1500000034 rands]: [0.255058,0.5455885,0.17175876,0.02642675,0.001168,0.0,0.0,0.0,0.0,0.0,0.139613,0.3680875,0.4394725,0.052827,0.01319275,0.000809,0.000799,0.0,0.26511076,0.5439315,0.17865776,0.0123], [0.22507674,0.23624896,0.18937263,0.07823563,0.017048042,0.0,0.0,0.0,0.0,0.0,0.17345808,0.230325,0.23814291,0.10980235,0.05664154,0.014198436,0.01411069,0.0,0.14233842,0.24475072,0.14263229,0.054071344]
889000000 [1550000035 rands]: [0.25506175,0.5455918,0.17175175,0.02642575,0.001169,0.0,0.0,0.0,0.0,0.0,0.139614,0.36808726,0.43947,0.05282875,0.01319475,0.00080875,0.00080075,0.0,0.26511,0.5439345,0.178658,0.0122975], [0.22509097,0.23626673,0.18937437,0.07823278,0.017055303,0.0,0.0,0.0,0.0,0.0,0.17346196,0.23032743,0.23813961,0.10980636,0.056646585,0.014196246,0.0141260885,0.0,0.14233962,0.2447578,0.14263654,0.05406613]
890000000 [1600000036 rands]: [0.255062,0.5455862,0.1717565,0.026428,0.00116725,0.0,0.0,0.0,0.0,0.0,0.1396115,0.368102,0.43945625,0.05283025,0.013196,0.00080975,0.0008005,0.0,0.2651105,0.54393,0.17866425,0.01229525], [0.22508666,0.23626672,0.18937784,0.078239605,0.0170426,0.0,0.0,0.0,0.0,0.0,0.17345643,0.23032895,0.23813894,0.10980734,0.056652367,0.014204993,0.014123887,0.0,0.14233342,0.24474715,0.1426329,0.05406144]
891000000 [1650000037 rands]: [0.2550705,0.5455775,0.1717575,0.0264255,0.001169,0.0,0.0,0.0,0.0,0.0,0.13960625,0.36810276,0.43946424,0.05282675,0.0131995,0.0008085,0.0008,0.0,0.26510626,0.543937,0.1786575,0.01229925], [0.22508895,0.23626322,0.18937461,0.07823565,0.017055305,0.0,0.0,0.0,0.0,0.0,0.17345217,0.23032023,0.23813467,0.10980106,0.056658167,0.014194057,0.01411949,0.0,0.1423389,0.24475637,0.1426324,0.05406978]
892000000 [1700000038 rands]: [0.255067,0.545577,0.17175975,0.026427,0.00116925,0.0,0.0,0.0,0.0,0.0,0.13960725,0.3681075,0.43945974,0.0528255,0.01319325,0.00080875,0.0007995,0.0,0.2651115,0.54392827,0.17866,0.01230025], [0.225086,0.23625724,0.1893757,0.078237556,0.017057119,0.0,0.0,0.0,0.0,0.0,0.1734503,0.23033129,0.23815003,0.10979855,0.056643628,0.014196249,0.014115092,0.0,0.1423368,0.24474934,0.14262928,0.05407186]
893000000 [1750000039 rands]: [0.25506076,0.5455865,0.17175725,0.0264275,0.001168,0.0,0.0,0.0,0.0,0.0,0.1396155,0.3680885,0.4394675,0.0528285,0.01319275,0.00080925,0.00079975,0.0,0.265114,0.5439295,0.178657,0.0122995], [0.22507405,0.23624617,0.18937567,0.07823737,0.017048042,0.0,0.0,0.0,0.0,0.0,0.17345896,0.23032694,0.23813929,0.109801084,0.05664264,0.014200621,0.014117291,0.0,0.14233655,0.24474797,0.142633,0.05407029]
894000000 [1800000040 rands]: [0.255054,0.5455895,0.1717615,0.0264255,0.0011695,0.0,0.0,0.0,0.0,0.0,0.13961224,0.368092,0.43946725,0.0528285,0.01319625,0.00080825,0.00080075,0.0,0.26510575,0.543934,0.1786625,0.01229775], [0.22508821,0.23625748,0.18937325,0.07823483,0.017058933,0.0,0.0,0.0,0.0,0.0,0.17345853,0.23033106,0.23814563,0.10980676,0.056649555,0.014191872,0.0141260885,0.0,0.1423403,0.24475531,0.14263315,0.054066647]
895000000 [1850000041 rands]: [0.2550625,0.54559326,0.1717495,0.02642775,0.001167,0.0,0.0,0.0,0.0,0.0,0.13961075,0.368103,0.4394585,0.05282775,0.01319525,0.0008095,0.0008,0.0,0.26511225,0.5439317,0.178661,0.012295], [0.22508833,0.23627222,0.18937723,0.07823929,0.01704078,0.0,0.0,0.0,0.0,0.0,0.17345971,0.23032866,0.23814067,0.109807976,0.056650892,0.014202805,0.014119491,0.0,0.14233565,0.24475232,0.14263238,0.054060917]
896000000 [1900000041 rands]: [0.25506526,0.54558426,0.171752,0.0264295,0.001169,0.0,0.0,0.0,0.0,0.0,0.1396065,0.3681035,0.439468,0.052822,0.01319675,0.000809,0.000799,0.0,0.26510325,0.54394,0.17865825,0.0122985], [0.22508842,0.23625839,0.18937168,0.0782391,0.017055303,0.0,0.0,0.0,0.0,0.0,0.1734511,0.23032737,0.23814522,0.10979338,0.056650538,0.014198437,0.014110689,0.0,0.14233746,0.24475321,0.1426347,0.054068223]
897000000 [1950000041 rands]: [0.25506526,0.54558,0.17176124,0.026425,0.0011685,0.0,0.0,0.0,0.0,0.0,0.139612,0.36809474,0.43946326,0.05283,0.01319375,0.000809,0.0008005,0.0,0.2651105,0.543926,0.17866474,0.01229875], [0.22508116,0.23625219,0.18937598,0.07823583,0.017051674,0.0,0.0,0.0,0.0,0.0,0.17345709,0.23032978,0.23814665,0.109804906,0.056644615,0.014198436,0.014123886,0.0,0.1423391,0.24475172,0.14263274,0.054068733]
898000000 [2000000041 rands]: [0.25506526,0.54558474,0.171755,0.02642625,0.00116875,0.0,0.0,0.0,0.0,0.0,0.13961025,0.36809975,0.4394645,0.0528255,0.01319775,0.000809,0.00079975,0.0,0.2651135,0.5439325,0.178656,0.012298], [0.22508587,0.23625748,0.18937355,0.07823581,0.01705349,0.0,0.0,0.0,0.0,0.0,0.1734547,0.23031938,0.23813061,0.1098008,0.056654714,0.014198436,0.014117289,0.0,0.14233395,0.24474977,0.14263076,0.054067176]
899000000 [2050000041 rands]: [0.25505626,0.54558825,0.17175674,0.02643025,0.0011685,0.0,0.0,0.0,0.0,0.0,0.139608,0.3681065,0.43945926,0.05282625,0.0131945,0.00080875,0.00080025,0.0,0.26510626,0.54393226,0.1786635,0.012298], [0.22508688,0.2362639,0.18937576,0.07824165,0.017051674,0.0,0.0,0.0,0.0,0.0,0.17345384,0.23033501,0.23814888,0.109803595,0.05664499,0.014196248,0.014121691,0.0,0.14233844,0.24475046,0.14263189,0.05406718]
900000000 [2100000041 rands]: [0.25506526,0.5455902,0.17175,0.02642625,0.00116825,0.0,0.0,0.0,0.0,0.0,0.13961425,0.36808825,0.439467,0.0528305,0.013195,0.0008085,0.0008,0.0,0.26511374,0.5439285,0.17865925,0.0122985], [0.22507395,0.23625006,0.18937115,0.078235805,0.017049858,0.0,0.0,0.0,0.0,0.0,0.1734598,0.23032582,0.2381418,0.10980637,0.056649286,0.014194059,0.014119491,0.0,0.14233637,0.24474813,0.14263041,0.054068223]
901000000 [2150000041 rands]: [0.25506774,0.5455705,0.1717695,0.0264245,0.00116775,0.0,0.0,0.0,0.0,0.0,0.13960625,0.368107,0.439461,0.05282575,0.01319675,0.0008095,0.00079875,0.0,0.265105,0.54394025,0.17865725,0.0122975], [0.22508891,0.23626247,0.1893855,0.0782344,0.017046232,0.0,0.0,0.0,0.0,0.0,0.17345326,0.23032692,0.23814262,0.1097987,0.056652743,0.014202806,0.014108489,0.0,0.14233926,0.24475871,0.14263554,0.05406612]
902000000 [2200000042 rands]: [0.25505725,0.54559326,0.1717565,0.026425,0.001168,0.0,0.0,0.0,0.0,0.0,0.13960674,0.36810225,0.4394615,0.0528295,0.013195,0.00080925,0.0008,0.0,0.26510775,0.543935,0.17865975,0.0122975], [0.22509328,0.23626299,0.18937816,0.07823582,0.017048042,0.0,0.0,0.0,0.0,0.0,0.17345357,0.23033434,0.23814696,0.109803446,0.056649286,0.014200622,0.014119489,0.0,0.14234315,0.24475515,0.14263287,0.054066125]
903000000 [2250000043 rands]: [0.25507,0.545578,0.1717595,0.0264235,0.001169,0.0,0.0,0.0,0.0,0.0,0.139611,0.36809775,0.43945974,0.0528315,0.01319325,0.00080975,0.00080075,0.0,0.265113,0.54393077,0.17866126,0.012295], [0.22507314,0.23623908,0.18937607,0.07823154,0.017055305,0.0,0.0,0.0,0.0,0.0,0.17346473,0.23033501,0.23814008,0.10980476,0.056643628,0.014204994,0.0141260885,0.0,0.14233579,0.24475245,0.14263405,0.05406092]
904000000 [2300000044 rands]: [0.25506526,0.5455853,0.171749,0.02643,0.0011705,0.0,0.0,0.0,0.0,0.0,0.139616,0.36809576,0.439461,0.05282725,0.0131945,0.00080825,0.0008,0.0,0.265112,0.543922,0.178666,0.0123], [0.22507976,0.23625447,0.1893658,0.07824133,0.017066192,0.0,0.0,0.0,0.0,0.0,0.17345709,0.23031871,0.23814282,0.10980424,0.05664499,0.0141918715,0.01411949,0.0,0.14232929,0.24474472,0.14263183,0.054071352]
905000000 [2350000045 rands]: [0.2550645,0.5455927,0.171746,0.026429,0.00116775,0.0,0.0,0.0,0.0,0.0,0.13960925,0.368097,0.4394675,0.05282625,0.01319525,0.0008085,0.0008,0.0,0.26511276,0.543931,0.1786575,0.01229875], [0.22508767,0.23626862,0.18937379,0.07824087,0.01704623,0.0,0.0,0.0,0.0,0.0,0.17345266,0.23032634,0.23813742,0.10980016,0.056648683,0.014194058,0.014119491,0.0,0.14233382,0.24474692,0.14263193,0.05406874]
906000000 [2400000046 rands]: [0.2550605,0.5455765,0.17176725,0.02642725,0.0011685,0.0,0.0,0.0,0.0,0.0,0.139608,0.36810425,0.43946326,0.0528245,0.01319625,0.00080925,0.0007995,0.0,0.26510274,0.543942,0.178657,0.01229825], [0.22509,0.23626104,0.18937913,0.07823706,0.017051674,0.0,0.0,0.0,0.0,0.0,0.17345202,0.23033063,0.23815061,0.10979901,0.056651756,0.014200621,0.0141150905,0.0,0.14234366,0.24475852,0.14263389,0.054067686]
907000000 [2450000047 rands]: [0.255054,0.5455943,0.17175674,0.026427,0.001168,0.0,0.0,0.0,0.0,0.0,0.139608,0.3681015,0.4394635,0.052827,0.01319525,0.00080875,0.0008,0.0,0.26510474,0.5439367,0.17866126,0.01229725], [0.22508739,0.23625538,0.18937576,0.07823994,0.017048044,0.0,0.0,0.0,0.0,0.0,0.17345527,0.23032835,0.23814796,0.109805785,0.05664978,0.014196249,0.014119491,0.0,0.14234215,0.24475421,0.14263053,0.054065607]
908000000 [2500000048 rands]: [0.25506076,0.54558825,0.17175876,0.02642275,0.0011695,0.0,0.0,0.0,0.0,0.0,0.1396065,0.36810374,0.43946,0.05282975,0.013195,0.00080975,0.00079925,0.0,0.2651125,0.54393,0.17865925,0.01229825], [0.22507487,0.2362457,0.18937892,0.07823058,0.017058935,0.0,0.0,0.0,0.0,0.0,0.17346115,0.23034309,0.23814496,0.1098042,0.056648187,0.014204993,0.014112891,0.0,0.14233847,0.24475582,0.1426326,0.054067697]
909000000 [2550000049 rands]: [0.2550685,0.5455812,0.1717515,0.02642975,0.001169,0.0,0.0,0.0,0.0,0.0,0.13961776,0.36809626,0.439459,0.052827,0.01319325,0.0008085,0.00080075,0.0,0.2651095,0.543926,0.178667,0.0122975], [0.22508179,0.23626052,0.1893685,0.078240216,0.017055305,0.0,0.0,0.0,0.0,0.0,0.17345841,0.23032086,0.23814234,0.109805755,0.056643624,0.014194059,0.014126087,0.0,0.14233306,0.24474813,0.1426341,0.054066144]
910000000 [2600000050 rands]: [0.2550745,0.5455862,0.17174625,0.02642525,0.00116775,0.0,0.0,0.0,0.0,0.0,0.139606,0.36809626,0.43947625,0.0528215,0.0131985,0.00080825,0.00079975,0.0,0.265113,0.5439325,0.17865525,0.01229925], [0.22508803,0.23626378,0.18937014,0.078236155,0.01704623,0.0,0.0,0.0,0.0,0.0,0.17344858,0.23031518,0.23813297,0.10979307,0.0566562,0.014191872,0.014117293,0.0,0.14233533,0.24475005,0.14263237,0.054069772]
911000000 [2650000051 rands]: [0.2550585,0.5455805,0.171765,0.02642825,0.00116775,0.0,0.0,0.0,0.0,0.0,0.1396035,0.3681035,0.439467,0.052826,0.013198,0.00080925,0.00079925,0.0,0.26510474,0.543937,0.178661,0.01229725], [0.22509313,0.23625979,0.18937837,0.07823831,0.01704623,0.0,0.0,0.0,0.0,0.0,0.1734499,0.2303325,0.23814704,0.10980511,0.056655213,0.014200621,0.014112891,0.0,0.14234173,0.24475582,0.1426337,0.05406561]
912000000 [2700000052 rands]: [0.25506,0.5455885,0.17175625,0.026427,0.00116825,0.0,0.0,0.0,0.0,0.0,0.139613,0.3681015,0.43945426,0.05283125,0.01319375,0.00080925,0.0007995,0.0,0.26510975,0.54393524,0.1786575,0.0122975], [0.22508696,0.23625821,0.18937194,0.07823917,0.017049858,0.0,0.0,0.0,0.0,0.0,0.17345846,0.2303289,0.23814441,0.10980573,0.05664572,0.014200623,0.014115092,0.0,0.14233725,0.24475247,0.14263326,0.054066133]
913000000 [2750000053 rands]: [0.2550515,0.5455885,0.17176275,0.02642775,0.0011695,0.0,0.0,0.0,0.0,0.0,0.13961,0.368106,0.43945575,0.05282825,0.01319475,0.00080925,0.000801,0.0,0.26511076,0.543931,0.17866024,0.012298], [0.22507495,0.23625158,0.1893832,0.078237705,0.017058933,0.0,0.0,0.0,0.0,0.0,0.17346269,0.23034291,0.23814926,0.109802596,0.056645483,0.014200621,0.014128287,0.0,0.14233448,0.24475078,0.14263573,0.054067176]
914000000 [2800000053 rands]: [0.2550625,0.54558575,0.17175876,0.026425,0.001168,0.0,0.0,0.0,0.0,0.0,0.13961175,0.368092,0.4394725,0.05282375,0.013194,0.00080875,0.00080025,0.0,0.265108,0.5439317,0.17866126,0.012299], [0.2250775,0.23625065,0.18937759,0.078234226,0.01704804,0.0,0.0,0.0,0.0,0.0,0.17345424,0.23032048,0.2381416,0.10979683,0.056646217,0.01419625,0.014121689,0.0,0.14233984,0.24474974,0.14262924,0.054069255]
915000000 [2850000053 rands]: [0.255065,0.5455855,0.1717565,0.0264245,0.0011685,0.0,0.0,0.0,0.0,0.0,0.139609,0.3680995,0.439461,0.0528305,0.0131975,0.0008095,0.000799,0.0,0.26511124,0.54393125,0.178659,0.0122985], [0.22508514,0.23625745,0.18937221,0.07823359,0.017051676,0.0,0.0,0.0,0.0,0.0,0.17345987,0.23033266,0.2381384,0.10980524,0.05665422,0.014202807,0.014110691,0.0,0.14233793,0.2447578,0.1426349,0.054068208]
916000000 [2900000053 rands]: [0.25507024,0.5455812,0.1717495,0.0264295,0.0011695,0.0,0.0,0.0,0.0,0.0,0.139611,0.3680955,0.4394695,0.052824,0.0131945,0.00080875,0.0008005,0.0,0.2651065,0.5439335,0.17866425,0.01229575], [0.2250877,0.2362653,0.18937458,0.0782415,0.017058931,0.0,0.0,0.0,0.0,0.0,0.17345248,0.23033063,0.23814479,0.10979925,0.056647196,0.014196249,0.014123886,0.0,0.14233778,0.24474907,0.1426294,0.05406248]
917000000 [2950000053 rands]: [0.2550635,0.54557973,0.17176025,0.0264285,0.001168,0.0,0.0,0.0,0.0,0.0,0.13961425,0.368093,0.4394625,0.05283025,0.01319525,0.00080925,0.00079975,0.0,0.2651115,0.5439317,0.1786575,0.01229925], [0.2250869,0.23625632,0.18936992,0.078239426,0.017048042,0.0,0.0,0.0,0.0,0.0,0.17345907,0.23032536,0.23814216,0.109805636,0.056648683,0.014200619,0.01411729,0.0,0.14233725,0.24474977,0.14263283,0.054069772]
918000000 [3000000053 rands]: [0.25505674,0.5455853,0.1717625,0.02642675,0.00116875,0.0,0.0,0.0,0.0,0.0,0.139606,0.36811474,0.439454,0.05282525,0.01319425,0.00080875,0.0008005,0.0,0.2651065,0.543935,0.17866175,0.01229675], [0.22508052,0.2362608,0.18937996,0.07823803,0.01705349,0.0,0.0,0.0,0.0,0.0,0.17345402,0.2303323,0.23814607,0.10980178,0.0566467,0.014196248,0.014123888,0.0,0.14233735,0.24475415,0.14263472,0.054064564]
919000000 [3050000053 rands]: [0.2550615,0.5455855,0.17175925,0.0264255,0.00116825,0.0,0.0,0.0,0.0,0.0,0.13961124,0.36809075,0.4394755,0.0528225,0.013196,0.00080925,0.00079975,0.0,0.26510876,0.5439335,0.1786605,0.01229725], [0.22508751,0.23625773,0.18937713,0.07823407,0.017049858,0.0,0.0,0.0,0.0,0.0,0.17345497,0.23032397,0.23814392,0.10979712,0.056650158,0.014200619,0.014117291,0.0,0.14233822,0.24475212,0.1426321,0.054065607]
920000000 [3100000053 rands]: [0.255069,0.5455865,0.17175175,0.02642375,0.001169,0.0,0.0,0.0,0.0,0.0,0.139607,0.3680985,0.43946376,0.05283075,0.0131965,0.0008085,0.00079975,0.0,0.26510826,0.5439315,0.17866024,0.0123], [0.2250829,0.2362525,0.18937074,0.07823187,0.017055303,0.0,0.0,0.0,0.0,0.0,0.17345715,0.2303253,0.2381351,0.10980654,0.056651145,0.01419406,0.014117291,0.0,0.14233956,0.2447543,0.14263311,0.054071352]
921000000 [3150000053 rands]: [0.25505674,0.54559076,0.1717535,0.02643025,0.00116875,0.0,0.0,0.0,0.0,0.0,0.13961224,0.3680985,0.43946126,0.052828,0.01319775,0.000809,0.0007995,0.0,0.26511174,0.54392725,0.17866175,0.01229925], [0.22508553,0.23626053,0.18937096,0.07824325,0.017053489,0.0,0.0,0.0,0.0,0.0,0.17345311,0.23032531,0.23814441,0.109801315,0.05665361,0.0141984355,0.014115092,0.0,0.14233656,0.24474873,0.1426299,0.05406978]
922000000 [3200000053 rands]: [0.255073,0.5455795,0.17175175,0.02642725,0.0011685,0.0,0.0,0.0,0.0,0.0,0.139612,0.36809576,0.439465,0.05282725,0.0131915,0.0008095,0.0008005,0.0,0.26511124,0.54393375,0.1786585,0.0122965], [0.22507972,0.23625492,0.18937568,0.07823706,0.017051676,0.0,0.0,0.0,0.0,0.0,0.1734596,0.2303279,0.23813814,0.10980309,0.056640174,0.014202807,0.014123888,0.0,0.14233178,0.24474683,0.14263332,0.054064047]
923000000 [3250000053 rands]: [0.255062,0.5455772,0.17176425,0.0264275,0.001169,0.0,0.0,0.0,0.0,0.0,0.1396065,0.368111,0.439453,0.0528295,0.01319725,0.0008085,0.00079975,0.0,0.26510626,0.5439358,0.17866024,0.01229775], [0.22508971,0.23626052,0.18938088,0.07823978,0.017055305,0.0,0.0,0.0,0.0,0.0,0.17345287,0.23033324,0.23815362,0.10980343,0.05665373,0.014194057,0.01411729,0.0,0.14234239,0.24475873,0.14263135,0.054066654]
924000000 [3300000054 rands]: [0.2550735,0.545584,0.1717495,0.0264255,0.0011675,0.0,0.0,0.0,0.0,0.0,0.139611,0.368095,0.439468,0.052826,0.0131915,0.0008095,0.0008,0.0,0.2651075,0.54393524,0.178662,0.01229525], [0.22508278,0.23625615,0.18937163,0.07823405,0.017044412,0.0,0.0,0.0,0.0,0.0,0.17345536,0.23032029,0.23813577,0.10980058,0.056641277,0.014202806,0.01411949,0.0,0.14233461,0.24474812,0.14263245,0.05406144]
925000000 [3350000055 rands]: [0.255063,0.5455825,0.17175575,0.02643025,0.0011685,0.0,0.0,0.0,0.0,0.0,0.13960776,0.36809826,0.4394735,0.0528205,0.01320175,0.00080875,0.000799,0.0,0.2651015,0.54393923,0.17866075,0.0122985], [0.22508913,0.23626333,0.18936448,0.07824244,0.017051674,0.0,0.0,0.0,0.0,0.0,0.17344953,0.23031576,0.2381424,0.10979807,0.05666041,0.014196248,0.014110692,0.0,0.14233701,0.24475425,0.14263597,0.054068208]
926000000 [3400000056 rands]: [0.25505775,0.545589,0.17175876,0.02642625,0.00116825,0.0,0.0,0.0,0.0,0.0,0.13960625,0.3681055,0.4394595,0.05282875,0.01319375,0.00080825,0.0007995,0.0,0.2651125,0.5439265,0.1786615,0.0122995], [0.22508912,0.23626477,0.18937758,0.0782366,0.017049856,0.0,0.0,0.0,0.0,0.0,0.17345218,0.23033448,0.23814541,0.10980521,0.056645717,0.0141918715,0.01411509,0.0,0.14233845,0.24474847,0.14263177,0.054070305]
927000000 [3450000057 rands]: [0.255059,0.54557925,0.17176875,0.02642375,0.00116925,0.0,0.0,0.0,0.0,0.0,0.139612,0.36809874,0.43945974,0.0528295,0.0131975,0.00080925,0.00079925,0.0,0.265112,0.5439315,0.1786565,0.0123], [0.22508475,0.23625375,0.18938074,0.07823186,0.017057119,0.0,0.0,0.0,0.0,0.0,0.17346032,0.23033315,0.23814188,0.10980457,0.05665422,0.014200621,0.014112891,0.0,0.14233632,0.24475507,0.14263538,0.054071352]
928000000 [3500000058 rands]: [0.2550665,0.545591,0.1717455,0.02642875,0.00116825,0.0,0.0,0.0,0.0,0.0,0.13960825,0.3680995,0.4394635,0.05282875,0.0131935,0.000809,0.000801,0.0,0.26511475,0.54392874,0.17865975,0.01229675], [0.22508293,0.23625483,0.18937624,0.07823974,0.01704986,0.0,0.0,0.0,0.0,0.0,0.17345776,0.23033886,0.23814747,0.10980294,0.056645222,0.0141984355,0.014128287,0.0,0.14233887,0.24475314,0.1426311,0.054064568]
929000000 [3550000059 rands]: [0.25507474,0.54557675,0.17175375,0.026427,0.00116775,0.0,0.0,0.0,0.0,0.0,0.1396165,0.36808974,0.43946674,0.052827,0.01319325,0.00081,0.00080075,0.0,0.26510876,0.54393524,0.17866175,0.01229425], [0.22507958,0.23625319,0.18937057,0.07823756,0.01704623,0.0,0.0,0.0,0.0,0.0,0.17345923,0.23031445,0.23813531,0.10980122,0.056644727,0.014207176,0.014126088,0.0,0.14233029,0.24474607,0.14263386,0.05405936]
930000000 [3600000060 rands]: [0.2550615,0.5455785,0.1717605,0.02643,0.0011695,0.0,0.0,0.0,0.0,0.0,0.13960975,0.36810276,0.43946326,0.05282425,0.01319825,0.000808,0.0007995,0.0,0.2651045,0.5439325,0.17866226,0.01230075], [0.22508526,0.23626252,0.18936889,0.07824211,0.017058933,0.0,0.0,0.0,0.0,0.0,0.17344935,0.23032029,0.23814827,0.10979999,0.05665129,0.014189686,0.014115091,0.0,0.14233841,0.24475534,0.14263539,0.05407291]
931000000 [3650000061 rands]: [0.2550555,0.5455927,0.17175774,0.02642625,0.00116775,0.0,0.0,0.0,0.0,0.0,0.13960475,0.36810374,0.439465,0.0528265,0.01319425,0.00080825,0.0007995,0.0,0.26510575,0.54393876,0.178658,0.0122975], [0.22509292,0.236267,0.1893785,0.07823501,0.01704623,0.0,0.0,0.0,0.0,0.0,0.1734523,0.23033224,0.23814206,0.10980432,0.05664781,0.01419187,0.014115091,0.0,0.14233764,0.2447472,0.14262827,0.054066144]
932000000 [3700000061 rands]: [0.2550675,0.545578,0.1717595,0.02642675,0.00116825,0.0,0.0,0.0,0.0,0.0,0.1396085,0.368098,0.43946975,0.05282375,0.01319825,0.00080975,0.000799,0.0,0.2651035,0.5439367,0.17866126,0.0122985], [0.22509013,0.23625836,0.18937373,0.078237236,0.017049858,0.0,0.0,0.0,0.0,0.0,0.17345238,0.23031956,0.2381384,0.10979568,0.0566546,0.014204993,0.014110689,0.0,0.14233986,0.24475415,0.1426336,0.054068215]
933000000 [3750000061 rands]: [0.255065,0.54558575,0.1717555,0.026425,0.00116875,0.0,0.0,0.0,0.0,0.0,0.13961375,0.36809176,0.43946525,0.05282925,0.01319425,0.00080925,0.00079975,0.0,0.265115,0.5439252,0.178662,0.01229775], [0.22507434,0.23624748,0.18937245,0.078235835,0.017053489,0.0,0.0,0.0,0.0,0.0,0.17346019,0.2303338,0.23814751,0.10980155,0.056647807,0.014200619,0.014117293,0.0,0.14233865,0.24475318,0.14263156,0.05406665]
934000000 [3800000061 rands]: [0.25507,0.5455815,0.17175,0.0264295,0.001169,0.0,0.0,0.0,0.0,0.0,0.1396115,0.36810076,0.43945876,0.052829,0.01319375,0.000809,0.00080075,0.0,0.26511174,0.54393125,0.17866024,0.01229675], [0.22509347,0.23627196,0.18937284,0.07823989,0.017055305,0.0,0.0,0.0,0.0,0.0,0.17345715,0.23032914,0.23813327,0.10980765,0.056645717,0.014198436,0.0141260885,0.0,0.1423335,0.24474731,0.14263003,0.05406456]
935000000 [3850000061 rands]: [0.25505376,0.5455865,0.171763,0.026428,0.00116875,0.0,0.0,0.0,0.0,0.0,0.13960876,0.3681015,0.43946975,0.05282,0.01319675,0.00080825,0.0008,0.0,0.26510474,0.5439385,0.178658,0.01229875], [0.22508806,0.23625648,0.18937556,0.078239605,0.01705349,0.0,0.0,0.0,0.0,0.0,0.17345162,0.23032942,0.23815387,0.109792635,0.056651637,0.01419187,0.01411949,0.0,0.14233993,0.24475276,0.14263265,0.054068744]
936000000 [3900000061 rands]: [0.25506574,0.54558474,0.17175625,0.0264255,0.00116775,0.0,0.0,0.0,0.0,0.0,0.13961124,0.368099,0.43946,0.05282975,0.01319525,0.000809,0.0008,0.0,0.26511174,0.5439277,0.17866325,0.01229725], [0.2250759,0.23625399,0.18937458,0.07823486,0.01704623,0.0,0.0,0.0,0.0,0.0,0.1734597,0.23032722,0.23814051,0.109806456,0.056648683,0.014198436,0.014119491,0.0,0.14233656,0.24475223,0.14263591,0.054065622]
937000000 [3950000061 rands]: [0.255067,0.5455765,0.17176,0.02642775,0.00116875,0.0,0.0,0.0,0.0,0.0,0.13960625,0.36809924,0.4394685,0.052826,0.01319525,0.00080975,0.00079925,0.0,0.26510224,0.5439405,0.17866,0.01229725], [0.2250879,0.23625974,0.1893776,0.07823609,0.01705349,0.0,0.0,0.0,0.0,0.0,0.17345256,0.23032318,0.23814034,0.109802835,0.056647576,0.014204993,0.01411289,0.0,0.14233978,0.24475288,0.14263056,0.054065607]
938000000 [4000000061 rands]: [0.25505576,0.54559773,0.171751,0.02642675,0.00116875,0.0,0.0,0.0,0.0,0.0,0.13961124,0.3680975,0.439463,0.05282825,0.01319825,0.00080825,0.0008005,0.0,0.26511326,0.5439268,0.17866,0.0123], [0.22508414,0.23625338,0.18937391,0.07823963,0.01705349,0.0,0.0,0.0,0.0,0.0,0.17345786,0.23033042,0.23814605,0.10980318,0.056654595,0.014191872,0.014123888,0.0,0.14233814,0.24475242,0.1426332,0.054071344]
939000000 [4050000061 rands]: [0.255068,0.545587,0.1717525,0.026424,0.0011685,0.0,0.0,0.0,0.0,0.0,0.139608,0.36809874,0.4394635,0.05282975,0.013194,0.000809,0.000799,0.0,0.2651125,0.543927,0.17866175,0.01229875], [0.22507957,0.23625427,0.18937121,0.07823298,0.017051674,0.0,0.0,0.0,0.0,0.0,0.17345385,0.23032312,0.23813747,0.10980246,0.056646217,0.014198437,0.014110688,0.0,0.14233406,0.2447484,0.1426299,0.05406874]
940000000 [4100000061 rands]: [0.2550645,0.5455715,0.171765,0.02643,0.001169,0.0,0.0,0.0,0.0,0.0,0.13961425,0.36809924,0.43946,0.0528265,0.013193,0.0008095,0.00080075,0.0,0.26510826,0.5439358,0.178659,0.012297], [0.2250869,0.23626308,0.18937871,0.07824053,0.017055307,0.0,0.0,0.0,0.0,0.0,0.17345653,0.2303318,0.23814604,0.10980432,0.056645345,0.014202807,0.014126088,0.0,0.14233781,0.24475288,0.142634,0.05406508]
941000000 [4150000061 rands]: [0.2550645,0.5455925,0.1717495,0.02642575,0.00116775,0.0,0.0,0.0,0.0,0.0,0.139607,0.3681045,0.439463,0.0528255,0.013196,0.00080825,0.00079975,0.0,0.26511025,0.54393274,0.17866024,0.01229675], [0.22508796,0.23626192,0.18937722,0.078236766,0.01704623,0.0,0.0,0.0,0.0,0.0,0.17345606,0.23032957,0.23814705,0.1098014,0.05665126,0.014191872,0.014117288,0.0,0.14233978,0.24475518,0.1426331,0.05406457]
942000000 [4200000061 rands]: [0.25506124,0.545583,0.171759,0.02642775,0.001169,0.0,0.0,0.0,0.0,0.0,0.13961,0.36809376,0.4394705,0.05282575,0.01319675,0.00080925,0.000799,0.0,0.26510474,0.5439367,0.17865925,0.01229925], [0.22508544,0.23625502,0.1893696,0.078238495,0.017055303,0.0,0.0,0.0,0.0,0.0,0.17345405,0.23032922,0.23814265,0.109797575,0.056650534,0.014200619,0.014110689,0.0,0.14233863,0.24475291,0.14263216,0.05406978]
943000000 [4250000061 rands]: [0.25506374,0.5455855,0.171757,0.0264245,0.00116925,0.0,0.0,0.0,0.0,0.0,0.13961075,0.36810425,0.4394555,0.0528295,0.01319425,0.00080925,0.00080025,0.0,0.26511076,0.5439295,0.1786615,0.01229825], [0.22508258,0.23625928,0.18937044,0.07823359,0.01705712,0.0,0.0,0.0,0.0,0.0,0.17345503,0.23032139,0.23813908,0.10980688,0.0566456,0.0142006185,0.01412169,0.0,0.1423349,0.24474972,0.14263436,0.054067694]
944000000 [4300000061 rands]: [0.25506425,0.54558176,0.171757,0.02642875,0.00116825,0.0,0.0,0.0,0.0,0.0,0.139611,0.368098,0.439469,0.052822,0.013198,0.0008085,0.00079975,0.0,0.2651115,0.54393,0.178661,0.0122975], [0.22508337,0.2362496,0.18937902,0.07823974,0.017049858,0.0,0.0,0.0,0.0,0.0,0.17345646,0.2303269,0.2381386,0.10979793,0.05665521,0.014194058,0.014117291,0.0,0.1423368,0.24474888,0.14262886,0.054066133]
945000000 [4350000061 rands]: [0.2550575,0.5455885,0.17175674,0.02642875,0.0011685,0.0,0.0,0.0,0.0,0.0,0.13961075,0.36809874,0.4394585,0.052832,0.01319375,0.000809,0.0008,0.0,0.2651095,0.5439325,0.17865925,0.01229875], [0.22508231,0.2362611,0.18937214,0.07823975,0.017051676,0.0,0.0,0.0,0.0,0.0,0.17345612,0.23033234,0.23814726,0.10980736,0.056643512,0.014198436,0.014119492,0.0,0.14233439,0.24474694,0.1426304,0.054068737]
946000000 [4400000061 rands]: [0.25506675,0.5455835,0.17175525,0.0264265,0.001168,0.0,0.0,0.0,0.0,0.0,0.13961224,0.368099,0.43946376,0.052825,0.013197,0.00080825,0.00080025,0.0,0.26511174,0.5439268,0.17866275,0.01229875], [0.22508422,0.23625813,0.18937781,0.07823692,0.017048042,0.0,0.0,0.0,0.0,0.0,0.17345706,0.23032448,0.2381424,0.10980047,0.05665434,0.014191872,0.014121692,0.0,0.1423427,0.24475726,0.14263436,0.05406874]
947000000 [4450000062 rands]: [0.25505626,0.545591,0.1717605,0.02642325,0.001169,0.0,0.0,0.0,0.0,0.0,0.13960876,0.3681,0.4394645,0.05282675,0.013196,0.00080925,0.00079925,0.0,0.26510826,0.5439333,0.17866024,0.01229825], [0.22508246,0.23625268,0.18937649,0.07823202,0.017055303,0.0,0.0,0.0,0.0,0.0,0.17345811,0.23032643,0.23814663,0.109805025,0.056652367,0.014200621,0.014112892,0.0,0.14233957,0.24475685,0.14263484,0.054067694]
948000000 [4500000063 rands]: [0.25506374,0.5455805,0.17176075,0.026427,0.001168,0.0,0.0,0.0,0.0,0.0,0.13961,0.3680985,0.43947074,0.05282075,0.0131985,0.0008085,0.00079975,0.0,0.2651105,0.543931,0.17865925,0.01229925], [0.22509173,0.23626475,0.18937775,0.078239955,0.017048044,0.0,0.0,0.0,0.0,0.0,0.17345366,0.23032774,0.23814152,0.10979087,0.056655094,0.014194058,0.014117291,0.0,0.14233954,0.24475539,0.14263345,0.05406978]
949000000 [4550000064 rands]: [0.2550615,0.5455788,0.17175674,0.0264335,0.0011695,0.0,0.0,0.0,0.0,0.0,0.1396095,0.3680955,0.4394695,0.0528255,0.0131995,0.0008095,0.00079925,0.0,0.26510525,0.5439423,0.178656,0.0122965], [0.22509612,0.23626526,0.18937445,0.078243345,0.017058931,0.0,0.0,0.0,0.0,0.0,0.17345406,0.2303252,0.23814426,0.109799676,0.056655966,0.014202809,0.014112891,0.0,0.14233376,0.24474634,0.14263076,0.054064043]
950000000 [4600000064 rands]: [0.25506276,0.5455837,0.171757,0.02642775,0.00116875,0.0,0.0,0.0,0.0,0.0,0.13961275,0.368095,0.43946326,0.052829,0.01319275,0.00080875,0.00080025,0.0,0.2651085,0.54392725,0.17866625,0.012298], [0.22507624,0.23624972,0.18937506,0.078238495,0.01705349,0.0,0.0,0.0,0.0,0.0,0.17345451,0.23032328,0.2381446,0.10980424,0.05664154,0.014196248,0.014121689,0.0,0.14233625,0.24474928,0.14263086,0.054067176]
951000000 [4650000064 rands]: [0.255056,0.54559624,0.1717525,0.02642725,0.001168,0.0,0.0,0.0,0.0,0.0,0.13960975,0.36810225,0.439458,0.05283,0.01319275,0.00080925,0.0007995,0.0,0.26511124,0.54393274,0.17865776,0.01229825], [0.2250882,0.23625368,0.18937649,0.07823706,0.017048044,0.0,0.0,0.0,0.0,0.0,0.1734584,0.23033081,0.23814318,0.10980775,0.05664485,0.01420062,0.014115092,0.0,0.14233574,0.24474879,0.1426301,0.054067686]
952000000 [4700000064 rands]: [0.25506574,0.5455785,0.17176224,0.02642425,0.00116925,0.0,0.0,0.0,0.0,0.0,0.139608,0.36810175,0.4394655,0.05282475,0.01319675,0.0008085,0.0008005,0.0,0.265106,0.54393876,0.1786575,0.01229775], [0.22508278,0.2362562,0.18938299,0.07823569,0.017057119,0.0,0.0,0.0,0.0,0.0,0.1734531,0.23032838,0.23814562,0.109795175,0.056651637,0.014194058,0.014123888,0.0,0.14234091,0.24475692,0.14263456,0.054066647]
953000000 [4750000064 rands]: [0.25506476,0.5455855,0.171754,0.0264275,0.00116825,0.0,0.0,0.0,0.0,0.0,0.139614,0.3680875,0.43947175,0.05282675,0.01319475,0.000809,0.00079925,0.0,0.2651125,0.54392576,0.17866325,0.0122985], [0.22508918,0.23626196,0.18936653,0.07823658,0.01704986,0.0,0.0,0.0,0.0,0.0,0.17345549,0.23032251,0.23813784,0.10980449,0.056647692,0.014198436,0.014112892,0.0,0.14233974,0.24475442,0.14263327,0.054068215]
954000000 [4800000064 rands]: [0.255073,0.545578,0.17175275,0.02642775,0.0011685,0.0,0.0,0.0,0.0,0.0,0.13960776,0.3681085,0.43945524,0.0528285,0.01319575,0.00080925,0.0008,0.0,0.26510525,0.54394,0.17865825,0.0122965], [0.22508475,0.23626363,0.1893728,0.078238495,0.017051676,0.0,0.0,0.0,0.0,0.0,0.17345746,0.2303313,0.23814231,0.10980563,0.05665077,0.014200619,0.01411949,0.0,0.14233504,0.24474967,0.14263166,0.05406404]
955000000 [4850000064 rands]: [0.2550575,0.5455812,0.17176625,0.02642625,0.00116875,0.0,0.0,0.0,0.0,0.0,0.13960925,0.36809775,0.439467,0.052826,0.013197,0.000809,0.0008,0.0,0.26511475,0.54392475,0.1786625,0.012298], [0.22508483,0.23625338,0.18938102,0.0782382,0.01705349,0.0,0.0,0.0,0.0,0.0,0.173453,0.23032883,0.23814861,0.109797716,0.05665213,0.014198435,0.014119492,0.0,0.14233801,0.24475051,0.14263138,0.054067172]
956000000 [4900000064 rands]: [0.255065,0.5455925,0.17174825,0.026426,0.00116825,0.0,0.0,0.0,0.0,0.0,0.1396085,0.3680995,0.43946275,0.05282925,0.0131945,0.0008085,0.0008,0.0,0.26510975,0.54393,0.17865975,0.0123005], [0.22508326,0.2362609,0.1893696,0.07823547,0.017049858,0.0,0.0,0.0,0.0,0.0,0.17345597,0.2303245,0.2381387,0.10981009,0.056646094,0.01419406,0.014119491,0.0,0.14233589,0.24475378,0.14263591,0.054072376]
957000000 [4950000064 rands]: [0.25505424,0.54558575,0.17176224,0.026429,0.00116875,0.0,0.0,0.0,0.0,0.0,0.1396155,0.3680985,0.43946,0.052826,0.01319625,0.000809,0.0007995,0.0,0.26510674,0.54393625,0.17866024,0.01229675], [0.22508529,0.23624992,0.18937671,0.078240074,0.01705349,0.0,0.0,0.0,0.0,0.0,0.17345715,0.23032282,0.23814471,0.109799996,0.056650653,0.014198435,0.014115092,0.0,0.14233579,0.24474612,0.14262742,0.05406456]
958000000 [5000000064 rands]: [0.2550675,0.54558975,0.17175025,0.02642475,0.00116775,0.0,0.0,0.0,0.0,0.0,0.139606,0.36809725,0.43947226,0.0528245,0.0131935,0.000809,0.00080025,0.0,0.2651105,0.54393023,0.17866075,0.0122985], [0.22508012,0.23625542,0.18937804,0.07823392,0.01704623,0.0,0.0,0.0,0.0,0.0,0.17345545,0.23033012,0.23813668,0.10979731,0.056645222,0.014198435,0.014121691,0.0,0.14233997,0.24475586,0.14263642,0.05406821]
959000000 [5050000064 rands]: [0.255067,0.545577,0.17175825,0.026428,0.00116975,0.0,0.0,0.0,0.0,0.0,0.13961425,0.36809474,0.43946275,0.05282825,0.01319825,0.00080875,0.00079975,0.0,0.26511025,0.54393023,0.178661,0.0122985], [0.22508931,0.23626806,0.18937013,0.078238815,0.017060747,0.0,0.0,0.0,0.0,0.0,0.17345761,0.23032682,0.23814164,0.109803736,0.056654602,0.014196248,0.014117293,0.0,0.14233938,0.24475637,0.1426324,0.054068223]
960000000 [5100000064 rands]: [0.25506526,0.5455853,0.1717535,0.026428,0.001168,0.0,0.0,0.0,0.0,0.0,0.13960925,0.3681005,0.43946376,0.0528265,0.0131945,0.0008095,0.00079975,0.0,0.26510924,0.5439317,0.17866226,0.01229675], [0.22508867,0.23626003,0.1893713,0.07823881,0.017048042,0.0,0.0,0.0,0.0,0.0,0.17345119,0.23032671,0.23814368,0.1097992,0.056647196,0.014202806,0.01411729,0.0,0.14233463,0.24474643,0.14263014,0.054064576]
961000000 [5150000064 rands]: [0.255066,0.545582,0.17176075,0.02642325,0.001168,0.0,0.0,0.0,0.0,0.0,0.13961025,0.3681015,0.43945524,0.052833,0.0131955,0.000809,0.00079975,0.0,0.2651095,0.5439335,0.17865875,0.01229825], [0.22507659,0.23624729,0.18937579,0.078232825,0.01704804,0.0,0.0,0.0,0.0,0.0,0.17345977,0.23032703,0.23814183,0.10980802,0.05664917,0.014198437,0.014117291,0.0,0.14233747,0.24475445,0.14263496,0.05406769]
962000000 [5200000064 rands]: [0.25505576,0.545588,0.17175674,0.02642975,0.00116975,0.0,0.0,0.0,0.0,0.0,0.13960825,0.3681035,0.439465,0.05282325,0.01319475,0.00080825,0.0008005,0.0,0.2651075,0.5439358,0.178659,0.01229775], [0.22509223,0.23626627,0.18937874,0.078240216,0.017060747,0.0,0.0,0.0,0.0,0.0,0.17344947,0.2303303,0.23814756,0.10979991,0.056645483,0.014191871,0.014123888,0.0,0.14233415,0.24474855,0.14263268,0.054066654]
963000000 [5250000064 rands]: [0.25505874,0.545591,0.17175774,0.02642525,0.00116725,0.0,0.0,0.0,0.0,0.0,0.13960825,0.36810225,0.4394655,0.052824,0.01319625,0.00080875,0.00079975,0.0,0.26511,0.5439325,0.1786575,0.0123], [0.22508216,0.23625214,0.1893752,0.07823455,0.017042594,0.0,0.0,0.0,0.0,0.0,0.17345668,0.2303287,0.23814403,0.10980153,0.05665176,0.014196249,0.014117289,0.0,0.14234224,0.24475333,0.14263152,0.05407134]
964000000 [5300000064 rands]: [0.25507,0.5455755,0.17175876,0.02642675,0.001169,0.0,0.0,0.0,0.0,0.0,0.13961224,0.36809126,0.4394685,0.052828,0.0131975,0.0008095,0.000799,0.0,0.265108,0.543933,0.17866,0.012299], [0.22507899,0.2362525,0.18937726,0.078237236,0.017055303,0.0,0.0,0.0,0.0,0.0,0.17345743,0.23032208,0.2381377,0.10979901,0.05665422,0.014202807,0.014110691,0.0,0.14233543,0.24475351,0.14263453,0.054069255]
965000000 [5350000064 rands]: [0.2550675,0.5455855,0.17175075,0.0264275,0.00116875,0.0,0.0,0.0,0.0,0.0,0.13961224,0.3681005,0.439456,0.05283125,0.0131925,0.00080925,0.000801,0.0,0.2651125,0.54392576,0.17866525,0.0122965], [0.22509016,0.23626992,0.18936864,0.07823658,0.017053487,0.0,0.0,0.0,0.0,0.0,0.1734549,0.23033403,0.2381389,0.10980968,0.056641042,0.01420062,0.014128286,0.0,0.14233845,0.24475132,0.14262989,0.05406404]
966000000 [5400000064 rands]: [0.25506026,0.545585,0.171758,0.02642825,0.0011685,0.0,0.0,0.0,0.0,0.0,0.1396105,0.36809874,0.4394665,0.05282425,0.01319825,0.00080825,0.00079975,0.0,0.26510975,0.54393375,0.17865875,0.01229775], [0.22508878,0.23625728,0.1893768,0.0782407,0.017051676,0.0,0.0,0.0,0.0,0.0,0.1734576,0.23032801,0.23814982,0.109800555,0.056656804,0.014191873,0.014117291,0.0,0.14233416,0.24474733,0.14263237,0.054066658]
967000000 [5450000064 rands]: [0.25506,0.5455878,0.17175674,0.02642675,0.00116875,0.0,0.0,0.0,0.0,0.0,0.139608,0.36809874,0.439465,0.05282825,0.01319275,0.000809,0.00080025,0.0,0.265108,0.5439315,0.178663,0.0122975], [0.22508143,0.23625477,0.18937114,0.078235626,0.01705349,0.0,0.0,0.0,0.0,0.0,0.17345311,0.23032966,0.23814626,0.109799765,0.056640435,0.014198437,0.014121687,0.0,0.14233674,0.24475144,0.14263383,0.054066133]
968000000 [5500000064 rands]: [0.255065,0.5455815,0.17175975,0.02642525,0.0011685,0.0,0.0,0.0,0.0,0.0,0.13961175,0.36810124,0.439461,0.052826,0.01319425,0.000809,0.00080025,0.0,0.265108,0.54393476,0.178659,0.01229825], [0.2250841,0.23626196,0.18937935,0.07823375,0.017051674,0.0,0.0,0.0,0.0,0.0,0.17345782,0.23032731,0.23814046,0.109805666,0.056647807,0.014198434,0.014121689,0.0,0.14233808,0.24475352,0.14263402,0.054067694]
969000000 [5550000064 rands]: [0.2550695,0.5455812,0.171755,0.02642575,0.0011685,0.0,0.0,0.0,0.0,0.0,0.13960625,0.36809775,0.43947476,0.05282125,0.01319975,0.00080925,0.00079925,0.0,0.26510924,0.543934,0.17865925,0.0122975], [0.22508758,0.23624785,0.18937387,0.07823517,0.017051674,0.0,0.0,0.0,0.0,0.0,0.1734529,0.2303242,0.23813994,0.10979403,0.056657556,0.014200621,0.014112888,0.0,0.1423412,0.2447558,0.14263259,0.054066133]
970000000 [5600000064 rands]: [0.25505576,0.54559475,0.1717535,0.026427,0.001169,0.0,0.0,0.0,0.0,0.0,0.13961224,0.368096,0.439458,0.05283375,0.01319575,0.0008085,0.0008,0.0,0.26511124,0.5439255,0.17866275,0.0123005], [0.22507998,0.23626323,0.18937096,0.07823995,0.017055303,0.0,0.0,0.0,0.0,0.0,0.17345779,0.23032981,0.23814577,0.109809645,0.056648564,0.014194057,0.01411949,0.0,0.14233574,0.24474895,0.14263172,0.054072388]
971000000 [5650000064 rands]: [0.25507176,0.5455755,0.17175625,0.02642775,0.00116875,0.0,0.0,0.0,0.0,0.0,0.1396135,0.36809975,0.4394595,0.05282725,0.013194,0.00080925,0.0008005,0.0,0.26511174,0.5439333,0.178657,0.012298], [0.22508241,0.23626022,0.18937555,0.078236885,0.01705349,0.0,0.0,0.0,0.0,0.0,0.17345697,0.23032042,0.23813438,0.10980253,0.056647316,0.014200621,0.01412389,0.0,0.14233175,0.24474615,0.14263082,0.05406717]
972000000 [5700000064 rands]: [0.255061,0.545581,0.1717615,0.02642825,0.00116825,0.0,0.0,0.0,0.0,0.0,0.13960674,0.36810374,0.43946376,0.05282575,0.013195,0.000809,0.00079925,0.0,0.265104,0.5439385,0.17866175,0.01229575], [0.22509056,0.23625727,0.18937887,0.07824071,0.017049858,0.0,0.0,0.0,0.0,0.0,0.17345321,0.23033547,0.23815344,0.10980097,0.05664929,0.014198436,0.01411289,0.0,0.14234027,0.24475504,0.14263384,0.054062486]
973000000 [5750000064 rands]: [0.2550655,0.54558873,0.1717505,0.02642675,0.0011685,0.0,0.0,0.0,0.0,0.0,0.13960975,0.368099,0.4394605,0.05283075,0.01319275,0.0008085,0.0008005,0.0,0.2651115,0.543932,0.178659,0.0122975], [0.22508213,0.23625934,0.18937266,0.07823644,0.017051674,0.0,0.0,0.0,0.0,0.0,0.17345765,0.23033291,0.23814434,0.109805964,0.056642637,0.014194058,0.014123891,0.0,0.14233768,0.2447516,0.14263096,0.054066125]
974000000 [5800000064 rands]: [0.25506526,0.545578,0.1717615,0.026427,0.00116825,0.0,0.0,0.0,0.0,0.0,0.139607,0.36810124,0.4394695,0.05282225,0.01319875,0.00080925,0.000799,0.0,0.26510525,0.5439345,0.178661,0.01229925], [0.22508979,0.23626392,0.18937327,0.078237556,0.01704986,0.0,0.0,0.0,0.0,0.0,0.17344923,0.23031616,0.23813742,0.109797515,0.056655582,0.01420062,0.014110689,0.0,0.14234033,0.24475627,0.14263546,0.05406977]
975000000 [5850000064 rands]: [0.2550585,0.54558975,0.17175774,0.026425,0.001169,0.0,0.0,0.0,0.0,0.0,0.13961326,0.36809874,0.43946224,0.05282575,0.01319475,0.000809,0.00080025,0.0,0.2651145,0.543925,0.17866325,0.01229725], [0.22507758,0.23624356,0.18937387,0.078235835,0.017055305,0.0,0.0,0.0,0.0,0.0,0.17345807,0.23033479,0.23814568,0.109799266,0.056646585,0.014198434,0.014121691,0.0,0.1423378,0.24475138,0.14263067,0.0540656]
976000000 [5900000064 rands]: [0.2550665,0.54558873,0.17174725,0.026429,0.0011685,0.0,0.0,0.0,0.0,0.0,0.13961275,0.368093,0.43946424,0.05283,0.01319525,0.000809,0.00080025,0.0,0.26511,0.543934,0.178658,0.012298], [0.2250821,0.23626225,0.18937613,0.078237675,0.017051676,0.0,0.0,0.0,0.0,0.0,0.1734574,0.2303224,0.2381362,0.109806046,0.05664978,0.014198436,0.014121688,0.0,0.1423317,0.24474357,0.14262958,0.054067165]
977000000 [5950000064 rands]: [0.2550575,0.54557925,0.1717675,0.026427,0.00116875,0.0,0.0,0.0,0.0,0.0,0.13961025,0.36810324,0.439462,0.0528245,0.01319725,0.0008085,0.00080025,0.0,0.26510724,0.5439317,0.1786615,0.0122995], [0.22508954,0.2362593,0.18937378,0.078238346,0.01705349,0.0,0.0,0.0,0.0,0.0,0.17345472,0.23032899,0.23814392,0.10980242,0.05665263,0.01419406,0.014121691,0.0,0.1423414,0.24475463,0.14263222,0.054070298]
978000000 [6000000064 rands]: [0.2550615,0.5455925,0.17174976,0.0264285,0.00116775,0.0,0.0,0.0,0.0,0.0,0.13961124,0.368099,0.4394615,0.05282825,0.013193,0.000809,0.00079925,0.0,0.26511,0.54393375,0.1786595,0.01229675], [0.22508001,0.23625587,0.18937619,0.078238614,0.01704623,0.0,0.0,0.0,0.0,0.0,0.17345789,0.23032802,0.2381443,0.109802045,0.056644235,0.0141984355,0.01411289,0.0,0.14233433,0.2447509,0.14263467,0.05406457]
979000000 [6050000064 rands]: [0.25507024,0.54557323,0.171764,0.02642375,0.00116875,0.0,0.0,0.0,0.0,0.0,0.13960674,0.3680965,0.43947,0.05282675,0.013194,0.00080975,0.0007995,0.0,0.26510426,0.543937,0.17866126,0.0122975], [0.22508493,0.23625728,0.18938088,0.078232646,0.01705349,0.0,0.0,0.0,0.0,0.0,0.17345537,0.23032986,0.23814593,0.10979992,0.056646213,0.014204993,0.0141150905,0.0,0.14234087,0.24475303,0.14263184,0.054066136]
980000000 [6100000064 rands]: [0.25506175,0.54559,0.1717545,0.026425,0.00116875,0.0,0.0,0.0,0.0,0.0,0.13960925,0.36809924,0.4394635,0.052828,0.01319675,0.00080825,0.00080025,0.0,0.26511475,0.5439275,0.17865776,0.0123], [0.22509149,0.23626162,0.18937172,0.07823583,0.01705349,0.0,0.0,0.0,0.0,0.0,0.17345554,0.23032533,0.23813906,0.109803006,0.056651637,0.014191873,0.014121688,0.0,0.14234282,0.24475957,0.1426345,0.05407135]
981000000 [6150000064 rands]: [0.25506926,0.54558426,0.17175125,0.02642675,0.0011685,0.0,0.0,0.0,0.0,0.0,0.139609,0.3681055,0.43945974,0.05282575,0.0131955,0.00080925,0.00079925,0.0,0.2651095,0.5439305,0.1786625,0.0122975], [0.22508414,0.23625466,0.1893682,0.07823564,0.017051674,0.0,0.0,0.0,0.0,0.0,0.17345339,0.23032713,0.23813854,0.109800406,0.05664807,0.01420062,0.01411289,0.0,0.14233176,0.24474779,0.14263228,0.054066133]
982000000 [6200000064 rands]: [0.2550535,0.54558873,0.171759,0.02643,0.00116875,0.0,0.0,0.0,0.0,0.0,0.1396155,0.36809275,0.4394655,0.05282625,0.01319325,0.000809,0.00080075,0.0,0.26511326,0.54392827,0.178661,0.0122975], [0.22507767,0.23625644,0.18937786,0.078241326,0.01705349,0.0,0.0,0.0,0.0,0.0,0.17345932,0.2303303,0.23815061,0.10980415,0.05664583,0.014198436,0.014126088,0.0,0.14233331,0.24474323,0.14262977,0.054066133]
983000000 [6250000064 rands]: [0.25506374,0.545586,0.17175825,0.0264245,0.0011675,0.0,0.0,0.0,0.0,0.0,0.1396075,0.36810625,0.43946075,0.0528255,0.01319875,0.00080825,0.00079975,0.0,0.265111,0.5439333,0.17865574,0.0123], [0.22508897,0.23626556,0.18937968,0.07823359,0.017044414,0.0,0.0,0.0,0.0,0.0,0.17345534,0.2303269,0.2381431,0.1098048,0.056656685,0.0141918715,0.01411729,0.0,0.14234081,0.24475919,0.14263567,0.054071344]
984000000 [6300000064 rands]: [0.25506276,0.5455845,0.1717555,0.02642775,0.0011695,0.0,0.0,0.0,0.0,0.0,0.13960975,0.368094,0.43947124,0.052825,0.0131955,0.00080925,0.00079875,0.0,0.2651035,0.5439375,0.178661,0.012298], [0.22508594,0.23625475,0.18937315,0.078236885,0.017058935,0.0,0.0,0.0,0.0,0.0,0.17345478,0.23032734,0.23814301,0.10979536,0.056648064,0.014200622,0.01410849,0.0,0.14233854,0.2447524,0.1426315,0.054067176]
985000000 [6350000064 rands]: [0.2550685,0.545586,0.17175224,0.02642525,0.001168,0.0,0.0,0.0,0.0,0.0,0.1396105,0.368094,0.439464,0.0528315,0.01319275,0.0008095,0.0008005,0.0,0.26510724,0.5439315,0.17866474,0.0122965], [0.2250804,0.23625316,0.18937227,0.078236155,0.017048042,0.0,0.0,0.0,0.0,0.0,0.17345685,0.23032704,0.23814152,0.109805875,0.05664264,0.014202806,0.014123887,0.0,0.14233878,0.24475376,0.14263491,0.05406404]
986000000 [6400000064 rands]: [0.2550625,0.54558223,0.17175975,0.02642625,0.00116925,0.0,0.0,0.0,0.0,0.0,0.13960975,0.3681015,0.4394625,0.05282625,0.013197,0.00080875,0.00079975,0.0,0.2651145,0.54393,0.1786585,0.012297], [0.22509246,0.23626564,0.18937539,0.07823821,0.01705712,0.0,0.0,0.0,0.0,0.0,0.17345332,0.23032433,0.23813666,0.109801315,0.05665323,0.014196248,0.01411729,0.0,0.14233603,0.2447484,0.14262849,0.05406509]
987000000 [6450000064 rands]: [0.255061,0.545583,0.171758,0.02643,0.001168,0.0,0.0,0.0,0.0,0.0,0.1396095,0.36809975,0.439467,0.05282375,0.0131945,0.000809,0.0008,0.0,0.26511025,0.5439295,0.1786615,0.01229875], [0.22508614,0.23625636,0.18937413,0.07823973,0.017048042,0.0,0.0,0.0,0.0,0.0,0.17345476,0.23033482,0.23815069,0.10979908,0.05664499,0.014198437,0.01411949,0.0,0.14233674,0.24475104,0.14263439,0.054068737]
988000000 [6500000064 rands]: [0.25506824,0.5455828,0.17175625,0.02642425,0.0011685,0.0,0.0,0.0,0.0,0.0,0.13961275,0.368096,0.439462,0.05282925,0.013196,0.00080825,0.00080025,0.0,0.2651105,0.54393,0.178661,0.0122985], [0.22507502,0.23625521,0.18937159,0.078234084,0.017051676,0.0,0.0,0.0,0.0,0.0,0.17345706,0.23032303,0.23813947,0.1098044,0.056651257,0.01419187,0.014121691,0.0,0.14233826,0.24474943,0.14263019,0.054068215]
989000000 [6550000064 rands]: [0.255061,0.5455815,0.1717615,0.02642775,0.00116825,0.0,0.0,0.0,0.0,0.0,0.1396095,0.36809775,0.43946624,0.0528265,0.01319875,0.00080975,0.000799,0.0,0.2651085,0.5439375,0.17865676,0.01229725], [0.22508699,0.23625822,0.18937954,0.07823769,0.017049858,0.0,0.0,0.0,0.0,0.0,0.17345479,0.23032829,0.23814355,0.109800905,0.05665669,0.014204993,0.01411069,0.0,0.14233539,0.24475214,0.14263311,0.05406561]
990000000 [6600000064 rands]: [0.25505826,0.5455952,0.1717535,0.02642375,0.00116925,0.0,0.0,0.0,0.0,0.0,0.13960674,0.3681035,0.43946,0.05282975,0.01319275,0.0008085,0.0008005,0.0,0.265107,0.54393226,0.17866275,0.012298], [0.22508326,0.23626389,0.1893769,0.07823267,0.017057119,0.0,0.0,0.0,0.0,0.0,0.17345501,0.23033062,0.23814867,0.10980817,0.05664264,0.014194059,0.014123888,0.0,0.14233859,0.24475348,0.14263566,0.05406717]
991000000 [6650000064 rands]: [0.25506675,0.5455765,0.17176025,0.02642775,0.00116875,0.0,0.0,0.0,0.0,0.0,0.13961075,0.3680945,0.43947,0.05282475,0.01319775,0.000809,0.00079875,0.0,0.2651105,0.54393,0.1786605,0.012299], [0.2250914,0.2362515,0.18937556,0.078238495,0.01705349,0.0,0.0,0.0,0.0,0.0,0.17345539,0.2303222,0.2381402,0.10979861,0.05665361,0.014198435,0.014108489,0.0,0.14233692,0.2447489,0.14262906,0.054069255]
992000000 [6700000064 rands]: [0.25506625,0.5455845,0.1717535,0.0264275,0.00116825,0.0,0.0,0.0,0.0,0.0,0.1396095,0.36810374,0.4394575,0.05282925,0.013192,0.0008095,0.0008005,0.0,0.26510775,0.5439345,0.17866,0.01229775], [0.22507948,0.2362558,0.18936934,0.07823898,0.017049855,0.0,0.0,0.0,0.0,0.0,0.17345622,0.23033306,0.23813988,0.10980327,0.056641165,0.014202806,0.014123887,0.0,0.14233786,0.24475577,0.14263539,0.054066654]
993000000 [6750000064 rands]: [0.25506276,0.54557675,0.1717635,0.0264285,0.0011685,0.0,0.0,0.0,0.0,0.0,0.13961375,0.368096,0.43946624,0.052824,0.0131955,0.00080925,0.0008,0.0,0.2651125,0.5439285,0.17866275,0.01229625], [0.2250862,0.23625979,0.18937872,0.078239426,0.017051674,0.0,0.0,0.0,0.0,0.0,0.17345949,0.23033008,0.23814934,0.109800406,0.05665027,0.01420062,0.01411949,0.0,0.14233847,0.24475096,0.14263129,0.054063533]
994000000 [6800000064 rands]: [0.25506276,0.54559475,0.17174876,0.02642525,0.0011685,0.0,0.0,0.0,0.0,0.0,0.1396075,0.36810026,0.43946224,0.05283,0.01319675,0.00080825,0.00079975,0.0,0.26511,0.543934,0.17865625,0.01229975], [0.22508346,0.23626061,0.18937016,0.07823455,0.017051673,0.0,0.0,0.0,0.0,0.0,0.17345314,0.23032673,0.23813543,0.10980318,0.05665164,0.014191872,0.014117289,0.0,0.14233784,0.24475354,0.14263198,0.054070827]
995000000 [6850000064 rands]: [0.2550605,0.5455828,0.17176326,0.02642525,0.00116825,0.0,0.0,0.0,0.0,0.0,0.139612,0.36809674,0.43946826,0.052823,0.013198,0.0008085,0.00080025,0.0,0.26511076,0.5439275,0.17866226,0.0122995], [0.22508615,0.23626213,0.1893775,0.07823615,0.017049856,0.0,0.0,0.0,0.0,0.0,0.17345566,0.23032604,0.23814505,0.10979803,0.056655213,0.014194058,0.014121689,0.0,0.1423393,0.24475421,0.14263497,0.054070294]
996000000 [6900000064 rands]: [0.25506976,0.545578,0.17175525,0.026428,0.001169,0.0,0.0,0.0,0.0,0.0,0.139608,0.36809525,0.439469,0.05282775,0.0131955,0.00080975,0.00079975,0.0,0.26510525,0.5439415,0.17865825,0.012295], [0.22508523,0.23625626,0.18937482,0.078237206,0.017055303,0.0,0.0,0.0,0.0,0.0,0.17345457,0.23032355,0.23813993,0.109803416,0.056648068,0.014204992,0.01411729,0.0,0.14233287,0.24474859,0.14263296,0.054060914]
997000000 [6950000064 rands]: [0.2550595,0.5455902,0.1717535,0.02642825,0.0011685,0.0,0.0,0.0,0.0,0.0,0.139609,0.368111,0.43944824,0.05283175,0.01319325,0.00080875,0.00079975,0.0,0.26510775,0.54392874,0.178665,0.0122985], [0.22508365,0.2362567,0.18937527,0.07823911,0.017051676,0.0,0.0,0.0,0.0,0.0,0.17345591,0.2303344,0.23814553,0.10981003,0.056643624,0.01419625,0.01411729,0.0,0.1423405,0.24475336,0.14263,0.054068223]
998000000 [7000000064 rands]: [0.25505674,0.54558927,0.1717585,0.02642775,0.00116775,0.0,0.0,0.0,0.0,0.0,0.139608,0.3681005,0.43947,0.0528215,0.01319625,0.00080875,0.0008005,0.0,0.2651105,0.54393375,0.17865525,0.0123005], [0.22508942,0.23625816,0.18937927,0.078239284,0.01704623,0.0,0.0,0.0,0.0,0.0,0.17345168,0.23032238,0.23813967,0.10979305,0.056650657,0.01419625,0.014123886,0.0,0.14233778,0.24475063,0.14263324,0.05407238]
999000000 [7050000064 rands]: [0.25506726,0.54557675,0.17176124,0.0264255,0.00116925,0.0,0.0,0.0,0.0,0.0,0.13961275,0.3680965,0.43945876,0.052832,0.0131945,0.0008095,0.0007995,0.0,0.26510674,0.543936,0.178661,0.01229625], [0.2250764,0.23625027,0.18937434,0.07823406,0.017057119,0.0,0.0,0.0,0.0,0.0,0.17346027,0.23032743,0.23814796,0.1098079,0.056646094,0.014202804,0.01411509,0.0,0.14234015,0.24475877,0.14263679,0.054063525]

total: 1000000000
means: [0.25506306,0.54558444,0.17175688,0.026426923,0.0011685285,0.0,0.0,0.0,0.0,0.0,0.1396101,0.3680991,0.43946373,0.05282693,0.013195491,0.00080894976,0.00079989387,0.0,0.2651093,0.5439323,0.17866032,0.01229804]
sigma: [0.21994516,0.2308634,0.18505065,0.07645073,0.016662514,0.0,0.0,0.0,0.0,0.0,0.16949497,0.22506826,0.23270494,0.10729501,0.055355515,0.013873802,0.01379617,0.0,0.13908729,0.23916323,0.13937579,0.052832678]
cu   : [0.3508,0.4434,0.1655,0.0353,0.0047,0.00037,1.7e-05,3e-07,3e-09,6e-12,0.0512,0.3055,0.538,0.1054,0.01356,0.00072,0.00109,5.6e-05,0.285846,0.515398,0.17394300000000007,0.024812999999999974]
diff : [-13764.649005423076,13996.829398108048,1069.2200721692307,-3670.224658236029,-6702.16612114707,-inf,-inf,-inf,-inf,-inf,16494.723789689924,8795.36359385419,-13390.305943223755,-15494.72344552981,-208.23171978814827,202.74459583134853,-664.9643536235897,-inf,-4714.679638791038,3772.8808358688148,1070.3056845787153,-7490.77647827448]
