[99985481, 100017031, 99997388, 100000100]
[99985481, 100017031, 99997388, 100000100]
[100016867, 99985537, 99988731, 100008865]
[100016867, 99985537, 99988731, 100008865]
[100014991, 99992277, 99986476, 100006256]
[100014991, 99992277, 99986476, 100006256]
[100005789, 100024707, 99995591, 99973913]
[100005789, 100024707, 99995591, 99973913]
[100001938, 100004369, 99981693, 100012000]
[100001938, 100004369, 99981693, 100012000]
[100006732, 99982234, 99990052, 100020982]
[100006732, 99982234, 99990052, 100020982]
[100002585, 99994932, 99974628, 100027855]
[100002585, 99994932, 99974628, 100027855]
[100010006, 99991903, 99989689, 100008402]
[100010006, 99991903, 99989689, 100008402]
[99981235, 100007125, 100007926, 100003714]
[99981235, 100007125, 100007926, 100003714]
[99993324, 99982890, 100002100, 100021686]
[99993324, 99982890, 100002100, 100021686]
[99992624, 99997179, 99998193, 100012004]
[99992624, 99997179, 99998193, 100012004]
[99997227, 100018680, 99979510, 100004583]
[99997227, 100018680, 99979510, 100004583]
[100009514, 100008030, 99989929, 99992527]
[100009514, 100008030, 99989929, 99992527]
[99993596, 99977599, 100006111, 100022694]
[99993596, 99977599, 100006111, 100022694]
[99975768, 100025100, 99992928, 100006204]
[99975768, 100025100, 99992928, 100006204]
[99980831, 100003904, 100028687, 99986578]
[99980831, 100003904, 100028687, 99986578]
[100003647, 99991353, 100000837, 100004163]
[100003647, 99991353, 100000837, 100004163]
[99993084, 99988140, 100025937, 99992839]
[99993084, 99988140, 100025937, 99992839]
[99989257, 100006662, 100006059, 99998022]
[99989257, 100006662, 100006059, 99998022]
[100011811, 99988174, 99992332, 100007683]
[100011811, 99988174, 99992332, 100007683]
[99987551, 100027218, 99989015, 99996216]
[99987551, 100027218, 99989015, 99996216]
[100020264, 99975900, 99995388, 100008448]
[100020264, 99975900, 99995388, 100008448]
[100025673, 99995546, 99989049, 99989732]
[100025673, 99995546, 99989049, 99989732]
[100008611, 99992218, 99992801, 100006370]
[100008611, 99992218, 99992801, 100006370]
[99985878, 100010293, 99987312, 100016517]
[99985878, 100010293, 99987312, 100016517]
[100009246, 99996111, 100028833, 99965810]
[100009246, 99996111, 100028833, 99965810]
[100002234, 100002223, 99995705, 99999838]
[100002234, 100002223, 99995705, 99999838]
[100009726, 99990320, 100009162, 99990792]
[100009726, 99990320, 100009162, 99990792]
[100003418, 100005125, 99987459, 100003998]
[100003418, 100005125, 99987459, 100003998]
[99991166, 99996314, 99989152, 100023368]
[99991166, 99996314, 99989152, 100023368]
[99998656, 100012454, 99982902, 100005988]
[99998656, 100012454, 99982902, 100005988]
[100003752, 100000051, 99995821, 100000376]
[100003752, 100000051, 99995821, 100000376]
[100012791, 99989034, 100001275, 99996900]
[100012791, 99989034, 100001275, 99996900]
[100001899, 99996955, 99997718, 100003428]
[100001899, 99996955, 99997718, 100003428]
[99994300, 100000704, 100008710, 99996286]
[99994300, 100000704, 100008710, 99996286]
[99990045, 99996506, 100004797, 100008652]
[99990045, 99996506, 100004797, 100008652]
[100002087, 99999494, 99996628, 100001791]
[100002087, 99999494, 99996628, 100001791]
[99999518, 99992212, 100005932, 100002338]
[99999518, 99992212, 100005932, 100002338]
[100012514, 99986016, 100004433, 99997037]
[100012514, 99986016, 100004433, 99997037]
[99989888, 99997143, 99993433, 100019536]
[99989888, 99997143, 99993433, 100019536]
[100009781, 99983204, 99992880, 100014135]
[100009781, 99983204, 99992880, 100014135]
[100006436, 99992705, 99983069, 100017790]
[100006436, 99992705, 99983069, 100017790]
[99993611, 99984210, 100015625, 100006554]
[99993611, 99984210, 100015625, 100006554]
[99991931, 100002538, 100008499, 99997032]
[99991931, 100002538, 100008499, 99997032]
[99991354, 99995013, 99980465, 100033168]
[99991354, 99995013, 99980465, 100033168]
[99988009, 99990990, 100010197, 100010804]
[99988009, 99990990, 100010197, 100010804]
[99990930, 100001142, 100007121, 100000807]
[99990930, 100001142, 100007121, 100000807]
[100001901, 100001009, 99991173, 100005917]
[100001901, 100001009, 99991173, 100005917]
[100007810, 99996428, 99983659, 100012103]
[100007810, 99996428, 99983659, 100012103]
[100000928, 99998744, 100022394, 99977934]
[100000928, 99998744, 100022394, 99977934]
[100005214, 99998009, 100005157, 99991620]
[100005214, 99998009, 100005157, 99991620]
[99984378, 100014779, 100006346, 99994497]
[99984378, 100014779, 100006346, 99994497]
[100017932, 99992237, 99992294, 99997537]
[100017932, 99992237, 99992294, 99997537]
[99984891, 99989133, 100011880, 100014096]
[99984891, 99989133, 100011880, 100014096]
[100016950, 99986052, 99997372, 99999626]
[100016950, 99986052, 99997372, 99999626]
[100000634, 100008551, 99995233, 99995582]
[100000634, 100008551, 99995233, 99995582]
[99997604, 100015601, 99977985, 100008810]
[99997604, 100015601, 99977985, 100008810]
[100003363, 100025292, 99975292, 99996053]
[100003363, 100025292, 99975292, 99996053]
[99995388, 99995461, 100004444, 100004707]
[99995388, 99995461, 100004444, 100004707]
[99982425, 99991781, 100007952, 100017842]
[99982425, 99991781, 100007952, 100017842]
[100033408, 100007346, 99989098, 99970148]
[100033408, 100007346, 99989098, 99970148]
[99977166, 100032227, 99985938, 100004669]
[99977166, 100032227, 99985938, 100004669]
[100003076, 99993067, 99993541, 100010316]
[100003076, 99993067, 99993541, 100010316]
[100006691, 100026476, 99991005, 99975828]
[100006691, 100026476, 99991005, 99975828]
[99990140, 100001407, 100007019, 100001434]
[99990140, 100001407, 100007019, 100001434]
[99992345, 99987774, 100022521, 99997360]
[99992345, 99987774, 100022521, 99997360]
[99995773, 100005139, 99982752, 100016336]
[99995773, 100005139, 99982752, 100016336]
[100021616, 99988076, 99988149, 100002159]
[100021616, 99988076, 99988149, 100002159]
[99978411, 99990657, 100025081, 100005851]
[99978411, 99990657, 100025081, 100005851]
[99997882, 100011586, 100023197, 99967335]
[99997882, 100011586, 100023197, 99967335]
[100015066, 100003772, 99968353, 100012809]
[100015066, 100003772, 99968353, 100012809]
[100002546, 100009651, 99990345, 99997458]
[100002546, 100009651, 99990345, 99997458]
[100015817, 99970558, 100010561, 100003064]
[100015817, 99970558, 100010561, 100003064]
[100002596, 99999404, 100012365, 99985635]
[100002596, 99999404, 100012365, 99985635]
[100001330, 100006093, 99974021, 100018556]
[100001330, 100006093, 99974021, 100018556]
[100010744, 99971737, 100010786, 100006733]
[100010744, 99971737, 100010786, 100006733]
[100011214, 99986061, 99992408, 100010317]
[100011214, 99986061, 99992408, 100010317]
[100009903, 99995415, 99998071, 99996611]
[100009903, 99995415, 99998071, 99996611]
[100012589, 100001630, 99999731, 99986050]
[100012589, 100001630, 99999731, 99986050]
[99989328, 100010637, 100011682, 99988353]
[99989328, 100010637, 100011682, 99988353]
[99993467, 100003272, 100018046, 99985215]
[99993467, 100003272, 100018046, 99985215]
[100019258, 99983924, 99991094, 100005724]
[100019258, 99983924, 99991094, 100005724]
[100001199, 99993927, 99992059, 100012815]
[100001199, 99993927, 99992059, 100012815]
[100004936, 99967490, 100035817, 99991757]
[100004936, 99967490, 100035817, 99991757]
[99995708, 99985451, 100021205, 99997636]
[99995708, 99985451, 100021205, 99997636]
[100020270, 100006709, 99994736, 99978285]
[100020270, 100006709, 99994736, 99978285]
[100000476, 99997097, 100007391, 99995036]
[100000476, 99997097, 100007391, 99995036]
[100006190, 100006094, 99979738, 100007978]
[100006190, 100006094, 99979738, 100007978]
[100011985, 100003428, 100010685, 99973902]
[100011985, 100003428, 100010685, 99973902]
[99994641, 99996616, 100009805, 99998938]
[99994641, 99996616, 100009805, 99998938]
[99998404, 100009370, 99957632, 100034594]
[99998404, 100009370, 99957632, 100034594]
[100013499, 99982811, 100006802, 99996888]
[100013499, 99982811, 100006802, 99996888]
[99998892, 100018492, 99992438, 99990178]
[99998892, 100018492, 99992438, 99990178]
[100004100, 99998397, 99998768, 99998735]
[100004100, 99998397, 99998768, 99998735]
[99998150, 99997011, 99992758, 100012081]
[99998150, 99997011, 99992758, 100012081]
[100002194, 99993365, 99994650, 100009791]
[100002194, 99993365, 99994650, 100009791]
[100004484, 99975087, 100003019, 100017410]
[100004484, 99975087, 100003019, 100017410]
[100005536, 100004898, 100009855, 99979711]
[100005536, 100004898, 100009855, 99979711]
[100011109, 99998220, 100002500, 99988171]
[100011109, 99998220, 100002500, 99988171]
[100004634, 99989329, 99996978, 100009059]
[100004634, 99989329, 99996978, 100009059]
[99999230, 99997064, 99995075, 100008631]
[99999230, 99997064, 99995075, 100008631]
[100014219, 99989470, 99989985, 100006326]
[100014219, 99989470, 99989985, 100006326]
[100010979, 100006230, 99990496, 99992295]
[100010979, 100006230, 99990496, 99992295]
[100011946, 99998937, 100011394, 99977723]
[100011946, 99998937, 100011394, 99977723]
[99980123, 100008854, 99997461, 100013562]
[99980123, 100008854, 99997461, 100013562]
[99987803, 99981488, 100031080, 99999629]
[99987803, 99981488, 100031080, 99999629]
[99997114, 100008952, 99994394, 99999540]
[99997114, 100008952, 99994394, 99999540]
[99990758, 99996983, 99997080, 100015179]
[99990758, 99996983, 99997080, 100015179]
[100009623, 99996514, 100027733, 99966130]
[100009623, 99996514, 100027733, 99966130]
[100011335, 99985608, 99993778, 100009279]
[100011335, 99985608, 99993778, 100009279]
[99990749, 100007868, 100013554, 99987829]
[99990749, 100007868, 100013554, 99987829]
[100004662, 100024976, 99983408, 99986954]
[100004662, 100024976, 99983408, 99986954]
[99993901, 100017785, 99993284, 99995030]
[99993901, 100017785, 99993284, 99995030]
[99990650, 100012096, 100007205, 99990049]
[99990650, 100012096, 100007205, 99990049]
[100008202, 100002226, 99994213, 99995359]
[100008202, 100002226, 99994213, 99995359]
[99996008, 100003697, 99999060, 100001235]
[99996008, 100003697, 99999060, 100001235]
[99977806, 100021365, 100001987, 99998842]
[99977806, 100021365, 100001987, 99998842]
[100004426, 99992820, 100002361, 100000393]
[100004426, 99992820, 100002361, 100000393]
[99982356, 100010272, 99978378, 100028994]
[99982356, 100010272, 99978378, 100028994]
[99982147, 99977149, 100022249, 100018455]
[99982147, 99977149, 100022249, 100018455]
[99994290, 99993178, 100003343, 100009189]
[99994290, 99993178, 100003343, 100009189]
[99986017, 100008367, 100006833, 99998783]
[99986017, 100008367, 100006833, 99998783]
[100009502, 99979936, 99975838, 100034724]
[100009502, 99979936, 99975838, 100034724]
[100006244, 100003370, 100007299, 99983087]
[100006244, 100003370, 100007299, 99983087]
[99987066, 99995122, 99993557, 100024255]
[99987066, 99995122, 99993557, 100024255]
[99978912, 100008479, 99999924, 100012685]
[99978912, 100008479, 99999924, 100012685]
[100004119, 99971420, 100001123, 100023338]
[100004119, 99971420, 100001123, 100023338]
[99999708, 99995200, 99991765, 100013327]
[99999708, 99995200, 99991765, 100013327]
[99977212, 100017757, 99993627, 100011404]
[99977212, 100017757, 99993627, 100011404]
[99988909, 100017000, 99984240, 100009851]
[99988909, 100017000, 99984240, 100009851]
[100006449, 99996918, 100014194, 99982439]
[100006449, 99996918, 100014194, 99982439]
[100001475, 99991040, 99998551, 100008934]
[100001475, 99991040, 99998551, 100008934]
[100006870, 100010640, 99986675, 99995815]
[100006870, 100010640, 99986675, 99995815]
[100005666, 99987992, 100003448, 100002894]
[100005666, 99987992, 100003448, 100002894]
[99994122, 100013445, 99987509, 100004924]
[99994122, 100013445, 99987509, 100004924]
[99988268, 99997043, 100000022, 100014667]
[99988268, 99997043, 100000022, 100014667]
[99980878, 100022760, 99990984, 100005378]
[99980878, 100022760, 99990984, 100005378]
[99994627, 100003317, 100002069, 99999987]
[99994627, 100003317, 100002069, 99999987]
[99987667, 100022566, 99984241, 100005526]
[99987667, 100022566, 99984241, 100005526]
[99998347, 100029623, 99997206, 99974824]
[99998347, 100029623, 99997206, 99974824]
[100021481, 99995648, 99997694, 99985177]
[100021481, 99995648, 99997694, 99985177]
[100024206, 99986384, 99983433, 100005977]
[100024206, 99986384, 99983433, 100005977]
[99985865, 100005705, 100001322, 100007108]
[99985865, 100005705, 100001322, 100007108]
[100002343, 99987539, 100008814, 100001304]
[100002343, 99987539, 100008814, 100001304]
[99975584, 99998737, 99996259, 100029420]
[99975584, 99998737, 99996259, 100029420]
[99998032, 99994941, 99988243, 100018784]
[99998032, 99994941, 99988243, 100018784]
[100015221, 99966668, 100022726, 99995385]
[100015221, 99966668, 100022726, 99995385]
[100000353, 99998406, 100006697, 99994544]
[100000353, 99998406, 100006697, 99994544]
[100018853, 99991821, 100007778, 99981548]
[100018853, 99991821, 100007778, 99981548]
[100012921, 100005468, 100009311, 99972300]
[100012921, 100005468, 100009311, 99972300]
[100003863, 99982109, 99992663, 100021365]
[100003863, 99982109, 99992663, 100021365]
[99976445, 100008834, 99995517, 100019204]
[99976445, 100008834, 99995517, 100019204]
[100017722, 99978895, 99991815, 100011568]
[100017722, 99978895, 99991815, 100011568]
[100001863, 99988213, 99997643, 100012281]
[100001863, 99988213, 99997643, 100012281]
[100023294, 99988055, 100003080, 99985571]
[100023294, 99988055, 100003080, 99985571]
[100028774, 100008181, 99980416, 99982629]
[100028774, 100008181, 99980416, 99982629]
[100009135, 99975747, 100021310, 99993808]
[100009135, 99975747, 100021310, 99993808]
[99985328, 100000030, 100004207, 100010435]
[99985328, 100000030, 100004207, 100010435]
[100005066, 99982643, 99980904, 100031387]
[100005066, 99982643, 99980904, 100031387]
[99990241, 100007646, 100017479, 99984634]
[99990241, 100007646, 100017479, 99984634]
[99993895, 100016538, 99987449, 100002118]
[99993895, 100016538, 99987449, 100002118]
[99992143, 100014093, 99987029, 100006735]
[99992143, 100014093, 99987029, 100006735]
[99966511, 100017445, 100012004, 100004040]
[99966511, 100017445, 100012004, 100004040]
[100005220, 99987871, 100024102, 99982807]
[100005220, 99987871, 100024102, 99982807]
[99999458, 100017522, 99985593, 99997427]
[99999458, 100017522, 99985593, 99997427]
[99979364, 99995301, 100004551, 100020784]
[100001013, 100007634, 99991573, 99999780]
[99979364, 99995301, 100004551, 100020784]
[100003500, 100015033, 99985627, 99995840]
[100001013, 100007634, 99991573, 99999780]
[100000114, 99999957, 100015817, 99984112]
[100003500, 100015033, 99985627, 99995840]
[100026511, 100011490, 99971076, 99990923]
[100000114, 99999957, 100015817, 99984112]
[99982489, 100009368, 100033665, 99974478]
[100026511, 100011490, 99971076, 99990923]
[100018997, 99979622, 100006122, 99995259]
[99982489, 100009368, 100033665, 99974478]
[99991728, 100014841, 99988841, 100004590]
[100018997, 99979622, 100006122, 99995259]
[100009647, 99997661, 100015357, 99977335]
[99991728, 100014841, 99988841, 100004590]
[100009276, 99988236, 100011335, 99991153]
[100009647, 99997661, 100015357, 99977335]
[99980442, 100005340, 100013650, 100000568]
[100009276, 99988236, 100011335, 99991153]
[100004724, 100002403, 99993966, 99998907]
[99980442, 100005340, 100013650, 100000568]
[99997314, 100020983, 99996587, 99985116]
[100004724, 100002403, 99993966, 99998907]
[100017375, 99994755, 99986527, 100001343]
[99997314, 100020983, 99996587, 99985116]
[99999157, 100004551, 100003322, 99992970]
[100017375, 99994755, 99986527, 100001343]
[99971373, 99986530, 100021767, 100020330]
[99999157, 100004551, 100003322, 99992970]
[99992331, 100031201, 99978980, 99997488]
[99971373, 99986530, 100021767, 100020330]
[100010828, 100020865, 99984720, 99983587]
[99992331, 100031201, 99978980, 99997488]
[99992199, 100003651, 100005157, 99998993]
[100010828, 100020865, 99984720, 99983587]
[100009773, 99991554, 99968705, 100029968]
[99992199, 100003651, 100005157, 99998993]
[99993070, 100011814, 99995801, 99999315]
[100009773, 99991554, 99968705, 100029968]
[100004718, 100016405, 99977783, 100001094]
[99993070, 100011814, 99995801, 99999315]
[100021814, 99988420, 100002585, 99987181]
[100004718, 100016405, 99977783, 100001094]
[99997059, 99995878, 99982677, 100024386]
[100021814, 99988420, 100002585, 99987181]
[100011643, 99991797, 99985423, 100011137]
[99997059, 99995878, 99982677, 100024386]
[100008277, 99990233, 99993481, 100008009]
[100011643, 99991797, 99985423, 100011137]
[99991849, 99995203, 100006671, 100006277]
[100008277, 99990233, 99993481, 100008009]
[100001264, 100012253, 100000056, 99986427]
[99991849, 99995203, 100006671, 100006277]
[99979433, 99989577, 100011528, 100019462]
[100001264, 100012253, 100000056, 99986427]
[99991871, 100013477, 99980655, 100013997]
[99979433, 99989577, 100011528, 100019462]
[100010953, 99998916, 99998016, 99992115]
[99991871, 100013477, 99980655, 100013997]
[100029771, 99966363, 99997314, 100006552]
[100010953, 99998916, 99998016, 99992115]
[100010767, 100003247, 99994188, 99991798]
[100029771, 99966363, 99997314, 100006552]
[100004502, 100010434, 100011415, 99973649]
[100010767, 100003247, 99994188, 99991798]
[100005442, 99991960, 99989024, 100013574]
[100004502, 100010434, 100011415, 99973649]
[99993461, 100003632, 100005314, 99997593]
[100005442, 99991960, 99989024, 100013574]
[99991898, 99998871, 99994500, 100014731]
[99993461, 100003632, 100005314, 99997593]
[100009297, 99998724, 99989876, 100002103]
[99991898, 99998871, 99994500, 100014731]
[100023964, 100003491, 100007828, 99964717]
[100009297, 99998724, 99989876, 100002103]
[100002170, 100010676, 100002155, 99984999]
[100023964, 100003491, 100007828, 99964717]
[100012020, 100004089, 99966172, 100017719]
[100002170, 100010676, 100002155, 99984999]
[99996940, 99996986, 99995718, 100010356]
[100012020, 100004089, 99966172, 100017719]
[100003040, 99986278, 99996369, 100014313]
[99996940, 99996986, 99995718, 100010356]
[100003810, 99993557, 99998792, 100003841]
[100003040, 99986278, 99996369, 100014313]
[100005272, 99996922, 100003826, 99993980]
[100003810, 99993557, 99998792, 100003841]
[100008891, 99993361, 100014988, 99982760]
[100005272, 99996922, 100003826, 99993980]
[99977806, 100000331, 100016674, 100005189]
[100008891, 99993361, 100014988, 99982760]
[99969138, 100006471, 100007313, 100017078]
[99977806, 100000331, 100016674, 100005189]
[100008304, 99986099, 100002286, 100003311]
[99969138, 100006471, 100007313, 100017078]
[100008203, 99973045, 100001225, 100017527]
[100008304, 99986099, 100002286, 100003311]
[100022344, 99990587, 99991178, 99995891]
[100008203, 99973045, 100001225, 100017527]
[100019575, 100011588, 99996536, 99972301]
[100022344, 99990587, 99991178, 99995891]
[99986820, 100002210, 100014849, 99996121]
[100019575, 100011588, 99996536, 99972301]
[100014972, 100000916, 99997186, 99986926]
[99986820, 100002210, 100014849, 99996121]
[100004645, 99978023, 100010890, 100006442]
[100014972, 100000916, 99997186, 99986926]
[100008657, 100002464, 99995404, 99993475]
[100004645, 99978023, 100010890, 100006442]
[100032824, 99982036, 100007862, 99977278]
[100008657, 100002464, 99995404, 99993475]
[99996294, 100011132, 99989315, 100003259]
[100032824, 99982036, 100007862, 99977278]
[100000990, 100013806, 100022268, 99962936]
[99996294, 100011132, 99989315, 100003259]
[100002849, 99991942, 100005288, 99999921]
[100000990, 100013806, 100022268, 99962936]
[99984176, 100001878, 100010195, 100003751]
[100002849, 99991942, 100005288, 99999921]
[100024720, 100005042, 99975365, 99994873]
[99984176, 100001878, 100010195, 100003751]
[100002388, 99977886, 100017995, 100001731]
[100024720, 100005042, 99975365, 99994873]
[100025872, 99990084, 99996998, 99987046]
[100002388, 99977886, 100017995, 100001731]
[99995824, 99991260, 99997110, 100015806]
[100025872, 99990084, 99996998, 99987046]
[99998440, 100009613, 99992297, 99999650]
[99995824, 99991260, 99997110, 100015806]
[99972840, 99999745, 100022902, 100004513]
[99998440, 100009613, 99992297, 99999650]
[99989973, 99992058, 100006884, 100011085]
[99972840, 99999745, 100022902, 100004513]
[100004911, 100001283, 99987332, 100006474]
[99989973, 99992058, 100006884, 100011085]
[99987529, 99997355, 100008677, 100006439]
[100004911, 100001283, 99987332, 100006474]
[100018563, 99996998, 99995859, 99988580]
[99987529, 99997355, 100008677, 100006439]
[99993246, 100018455, 100006725, 99981574]
[100018563, 99996998, 99995859, 99988580]
[100003233, 100003723, 100008855, 99984189]
[99993246, 100018455, 100006725, 99981574]
[100015825, 100000792, 100010498, 99972885]
[100003233, 100003723, 100008855, 99984189]
[99985943, 100004829, 100012074, 99997154]
[100015825, 100000792, 100010498, 99972885]
[99997603, 100008579, 99994756, 99999062]
[99985943, 100004829, 100012074, 99997154]
[99999958, 99992989, 99991934, 100015119]
[99997603, 100008579, 99994756, 99999062]
[100003485, 99997443, 100010035, 99989037]
[99999958, 99992989, 99991934, 100015119]
[100013948, 99993353, 99990694, 100002005]
[100003485, 99997443, 100010035, 99989037]
[100015783, 100004969, 99994133, 99985115]
[100013948, 99993353, 99990694, 100002005]
[100007731, 99994200, 99999821, 99998248]
[100015783, 100004969, 99994133, 99985115]
[99999992, 100014513, 100006619, 99978876]
[100007731, 99994200, 99999821, 99998248]
[99990409, 100013235, 100012793, 99983563]
[99999992, 100014513, 100006619, 99978876]
[100029568, 99959163, 100025172, 99986097]
[99990409, 100013235, 100012793, 99983563]
[100002193, 100031443, 99967703, 99998661]
[100029568, 99959163, 100025172, 99986097]
[100004825, 99987345, 100011524, 99996306]
[100002193, 100031443, 99967703, 99998661]
[100020336, 99975364, 100007966, 99996334]
[100004825, 99987345, 100011524, 99996306]
[100000497, 100002540, 99992011, 100004952]
[100020336, 99975364, 100007966, 99996334]
[100013625, 99977728, 99985180, 100023467]
[100000497, 100002540, 99992011, 100004952]
[99979566, 100008916, 100001244, 100010274]
[100013625, 99977728, 99985180, 100023467]
[99990212, 100004329, 100003766, 100001693]
[99979566, 100008916, 100001244, 100010274]
[99981081, 100002029, 100021616, 99995274]
[99990212, 100004329, 100003766, 100001693]
[100007895, 100016672, 99980955, 99994478]
[99981081, 100002029, 100021616, 99995274]
[100001419, 100003550, 99979868, 100015163]
[100007895, 100016672, 99980955, 99994478]
[99998930, 100005366, 100016926, 99978778]
[100001419, 100003550, 99979868, 100015163]
[99988358, 99998050, 100005792, 100007800]
[99998930, 100005366, 100016926, 99978778]
[99989263, 100022751, 100000726, 99987260]
[99988358, 99998050, 100005792, 100007800]
[99990847, 99988637, 100007338, 100013178]
[99989263, 100022751, 100000726, 99987260]
[99993732, 99996254, 100015441, 99994573]
[99990847, 99988637, 100007338, 100013178]
[99996911, 99997927, 100003801, 100001361]
[99993732, 99996254, 100015441, 99994573]
[99993580, 100000584, 100019730, 99986106]
[99996911, 99997927, 100003801, 100001361]
[100002136, 99996360, 100011756, 99989748]
[99993580, 100000584, 100019730, 99986106]
[99973458, 100011601, 100014003, 100000938]
[100002136, 99996360, 100011756, 99989748]
[100005718, 100006662, 99976804, 100010816]
[99973458, 100011601, 100014003, 100000938]
[100008809, 99990772, 100009004, 99991415]
[100005718, 100006662, 99976804, 100010816]
[99991284, 99994591, 100019850, 99994275]
[100008809, 99990772, 100009004, 99991415]
[99983622, 100019094, 99983939, 100013345]
[99991284, 99994591, 100019850, 99994275]
[100006527, 100003794, 100002717, 99986962]
[99983622, 100019094, 99983939, 100013345]
[100012009, 100005276, 99982304, 100000411]
[100006527, 100003794, 100002717, 99986962]
[100000404, 100006005, 100005833, 99987758]
[100012009, 100005276, 99982304, 100000411]
[99998319, 99992190, 99996138, 100013353]
[100000404, 100006005, 100005833, 99987758]
[100014159, 99989091, 100000097, 99996653]
[99998319, 99992190, 99996138, 100013353]
[99999650, 100010095, 99989378, 100000877]
[100014159, 99989091, 100000097, 99996653]
[100005998, 99988373, 100012283, 99993346]
[99999650, 100010095, 99989378, 100000877]
[100008936, 99993708, 99989186, 100008170]
[100005998, 99988373, 100012283, 99993346]
[99994746, 100012123, 100026018, 99967113]
[100008936, 99993708, 99989186, 100008170]
[100010651, 99992570, 99994554, 100002225]
[99994746, 100012123, 100026018, 99967113]
[99984862, 100019313, 100005842, 99989983]
[100010651, 99992570, 99994554, 100002225]
[99982016, 100005997, 99988325, 100023662]
[99984862, 100019313, 100005842, 99989983]
[100015645, 99994492, 100003522, 99986341]
[99982016, 100005997, 99988325, 100023662]
[100003097, 99990637, 100010750, 99995516]
[100015645, 99994492, 100003522, 99986341]
[99995809, 99979926, 100013390, 100010875]
[100003097, 99990637, 100010750, 99995516]
[99972592, 100012704, 99993421, 100021283]
[99995809, 99979926, 100013390, 100010875]
[99990710, 100000683, 99997314, 100011293]
[99972592, 100012704, 99993421, 100021283]
[99996448, 100023422, 99990519, 99989611]
[99990710, 100000683, 99997314, 100011293]
[99990235, 99998286, 99988508, 100022971]
[99996448, 100023422, 99990519, 99989611]
[100004812, 99996682, 99997651, 100000855]
[99990235, 99998286, 99988508, 100022971]
[100005230, 99991489, 99999028, 100004253]
[100004812, 99996682, 99997651, 100000855]
[99993523, 99988380, 100000494, 100017603]
[100005230, 99991489, 99999028, 100004253]
[99998522, 99981215, 100030028, 99990235]
[99993523, 99988380, 100000494, 100017603]
[99999978, 99986003, 100000071, 100013948]
[99998522, 99981215, 100030028, 99990235]
[100001734, 99995714, 99989796, 100012756]
[99999978, 99986003, 100000071, 100013948]
[99998182, 99996706, 99985314, 100019798]
[100001734, 99995714, 99989796, 100012756]
[100002793, 99987164, 100014326, 99995717]
[99998182, 99996706, 99985314, 100019798]
[99992192, 100005679, 99975700, 100026429]
[100002793, 99987164, 100014326, 99995717]
[100001916, 99997701, 100005843, 99994540]
[99992192, 100005679, 99975700, 100026429]
[99997763, 99999636, 99995474, 100007127]
[100001916, 99997701, 100005843, 99994540]
[100008269, 99992979, 99977411, 100021341]
[99997763, 99999636, 99995474, 100007127]
[99982128, 100005934, 100007902, 100004036]
[100008269, 99992979, 99977411, 100021341]
[100001327, 100007518, 99983813, 100007342]
[99982128, 100005934, 100007902, 100004036]
[99995363, 99990066, 100006585, 100007986]
[100001327, 100007518, 99983813, 100007342]
[99971705, 100003459, 100009695, 100015141]
[99995363, 99990066, 100006585, 100007986]
[99998918, 99994537, 99995930, 100010615]
[99971705, 100003459, 100009695, 100015141]
[100005070, 100002032, 99993642, 99999256]
[99998918, 99994537, 99995930, 100010615]
[99990719, 100009160, 100002211, 99997910]
[100005070, 100002032, 99993642, 99999256]
[99996030, 99995334, 100015405, 99993231]
[99990719, 100009160, 100002211, 99997910]
[100002131, 100004967, 99982944, 100009958]
[99996030, 99995334, 100015405, 99993231]
[100019792, 100010978, 99985713, 99983517]
[100002131, 100004967, 99982944, 100009958]
[99997265, 99989282, 100009543, 100003910]
[100019792, 100010978, 99985713, 99983517]
[99998960, 100010057, 99981441, 100009542]
[99997265, 99989282, 100009543, 100003910]
[99997463, 100013966, 100006504, 99982067]
[99998960, 100010057, 99981441, 100009542]
[100006959, 100003141, 99994631, 99995269]
[99997463, 100013966, 100006504, 99982067]
[100011000, 99977724, 99986500, 100024776]
[100006959, 100003141, 99994631, 99995269]
[99992225, 99994867, 100008304, 100004604]
[100011000, 99977724, 99986500, 100024776]
[100016450, 99985577, 99997849, 100000124]
[99992225, 99994867, 100008304, 100004604]
[100021916, 100006790, 99986579, 99984715]
[99987346, 100007161, 100020317, 99985176]
[100016450, 99985577, 99997849, 100000124]
[100001493, 100005110, 100006293, 99987104]
[100021916, 100006790, 99986579, 99984715]
[100005358, 99990720, 99997357, 100006565]
[99987346, 100007161, 100020317, 99985176]
[100011087, 99994595, 99997152, 99997166]
[100001493, 100005110, 100006293, 99987104]
[100013250, 99998679, 99971383, 100016688]
[100005358, 99990720, 99997357, 100006565]
[99984404, 100005133, 99992174, 100018289]
[100011087, 99994595, 99997152, 99997166]
[100012596, 99965693, 100010951, 100010760]
[100013250, 99998679, 99971383, 100016688]
[100016610, 99991623, 99996824, 99994943]
[99984404, 100005133, 99992174, 100018289]
[100011042, 99977995, 100013031, 99997932]
[100012596, 99965693, 100010951, 100010760]
[99970858, 100007512, 100009262, 100012368]
[100016610, 99991623, 99996824, 99994943]
[99991784, 100031228, 99979385, 99997603]
[100011042, 99977995, 100013031, 99997932]
[100000308, 100003523, 100012254, 99983915]
[99970858, 100007512, 100009262, 100012368]
[100024277, 99990249, 100003853, 99981621]
[99991784, 100031228, 99979385, 99997603]
[100001312, 100009143, 100011913, 99977632]
[100000308, 100003523, 100012254, 99983915]
[99999339, 99986456, 100008006, 100006199]
[100024277, 99990249, 100003853, 99981621]
[99983898, 99997678, 100012293, 100006131]
[100001312, 100009143, 100011913, 99977632]
[99979394, 99977232, 100016168, 100027206]
[99999339, 99986456, 100008006, 100006199]
[100005014, 100001492, 99995350, 99998144]
[99983898, 99997678, 100012293, 100006131]
[99979792, 100015268, 100006115, 99998825]
[99979394, 99977232, 100016168, 100027206]
[100011661, 99999844, 100018134, 99970361]
[100005014, 100001492, 99995350, 99998144]
[99999644, 100005124, 99987957, 100007275]
[99979792, 100015268, 100006115, 99998825]
[100021488, 99988307, 99995653, 99994552]
[100011661, 99999844, 100018134, 99970361]
[99998135, 99992836, 100003646, 100005383]
[99999644, 100005124, 99987957, 100007275]
[100002738, 99999090, 100009268, 99988904]
[100021488, 99988307, 99995653, 99994552]
[99979385, 100030775, 99992759, 99997081]
[99998135, 99992836, 100003646, 100005383]
[99992684, 99993721, 100004885, 100008710]
[100002738, 99999090, 100009268, 99988904]
[99992625, 100003012, 100003399, 100000964]
[99979385, 100030775, 99992759, 99997081]
[100009725, 99993767, 99995279, 100001229]
[99992684, 99993721, 100004885, 100008710]
[99995886, 99994023, 100011960, 99998131]
[99992625, 100003012, 100003399, 100000964]
[99991548, 100006905, 100008885, 99992662]
[100009725, 99993767, 99995279, 100001229]
[99992476, 99987977, 99994423, 100025124]
[99995886, 99994023, 100011960, 99998131]
[100015960, 99977450, 99999529, 100007061]
[99991548, 100006905, 100008885, 99992662]
[100037859, 100007580, 99966302, 99988259]
[99992476, 99987977, 99994423, 100025124]
[100007542, 100012581, 99999947, 99979930]
[100015960, 99977450, 99999529, 100007061]
[99980848, 99993236, 100025261, 100000655]
[100037859, 100007580, 99966302, 99988259]
[99999243, 100019330, 99983568, 99997859]
[100007542, 100012581, 99999947, 99979930]
[100005233, 99981425, 99991269, 100022073]
[99980848, 99993236, 100025261, 100000655]
[99988990, 100006526, 100009679, 99994805]
[99999243, 100019330, 99983568, 99997859]
[99986954, 100021720, 100001419, 99989907]
[100005233, 99981425, 99991269, 100022073]
[99991716, 100003971, 100013042, 99991271]
[99988990, 100006526, 100009679, 99994805]
[100005446, 100011374, 100008042, 99975138]
[99986954, 100021720, 100001419, 99989907]
[100003167, 100013310, 99994880, 99988643]
[99991716, 100003971, 100013042, 99991271]
[100004971, 99988278, 99987859, 100018892]
[100005446, 100011374, 100008042, 99975138]
[99970908, 100005732, 100013060, 100010300]
[100003167, 100013310, 99994880, 99988643]
[100009134, 99992432, 100002712, 99995722]
[100004971, 99988278, 99987859, 100018892]
[99985723, 100001093, 100012228, 100000956]
[99970908, 100005732, 100013060, 100010300]
[99996725, 100028365, 99983707, 99991203]
[100009134, 99992432, 100002712, 99995722]
[99992643, 99994043, 99999259, 100014055]
[99985723, 100001093, 100012228, 100000956]
[100013984, 99997647, 99978439, 100009930]
[99996725, 100028365, 99983707, 99991203]
[99986670, 99988944, 100002114, 100022272]
[99992643, 99994043, 99999259, 100014055]
[99990486, 100005811, 100010568, 99993135]
[100013984, 99997647, 99978439, 100009930]
[99992480, 100005443, 99992938, 100009139]
[99986670, 99988944, 100002114, 100022272]
[100003321, 99980275, 99993538, 100022866]
[99990486, 100005811, 100010568, 99993135]
[100001879, 99992389, 99988018, 100017714]
[99992480, 100005443, 99992938, 100009139]
[100000012, 99978209, 100013838, 100007941]
[100003321, 99980275, 99993538, 100022866]
[100009345, 99994569, 99997367, 99998719]
[100001879, 99992389, 99988018, 100017714]
[99997674, 99991514, 100003540, 100007272]
[100000012, 99978209, 100013838, 100007941]
[100002759, 99993032, 99999570, 100004639]
[100009345, 99994569, 99997367, 99998719]
[100000968, 99998700, 99996570, 100003762]
[99997674, 99991514, 100003540, 100007272]
[99996688, 99990447, 100013063, 99999802]
[100002759, 99993032, 99999570, 100004639]
[99997167, 100003884, 100010717, 99988232]
[100000968, 99998700, 99996570, 100003762]
[99980156, 99992671, 100034454, 99992719]
[99996688, 99990447, 100013063, 99999802]
[99996702, 100006366, 99974648, 100022284]
[99997167, 100003884, 100010717, 99988232]
[100011845, 99986508, 100021456, 99980191]
[99980156, 99992671, 100034454, 99992719]
[100027558, 100005953, 99978475, 99988014]
[99996702, 100006366, 99974648, 100022284]
[99999121, 99965753, 100010232, 100024894]
[100011845, 99986508, 100021456, 99980191]
[100016025, 99991102, 99983513, 100009360]
[100027558, 100005953, 99978475, 99988014]
[99982517, 100024250, 99997166, 99996067]
[99999121, 99965753, 100010232, 100024894]
[99995260, 100001948, 100014332, 99988460]
[100016025, 99991102, 99983513, 100009360]
[99998540, 99997870, 99991486, 100012104]
[99982517, 100024250, 99997166, 99996067]
[100005007, 100013921, 99987480, 99993592]
[99995260, 100001948, 100014332, 99988460]
[100011927, 100004282, 99972150, 100011641]
[99998540, 99997870, 99991486, 100012104]
[99981958, 100006865, 100014311, 99996866]
[100005007, 100013921, 99987480, 99993592]
[99996819, 99970526, 100000591, 100032064]
[100011927, 100004282, 99972150, 100011641]
[100026418, 99982425, 99989682, 100001475]
[99981958, 100006865, 100014311, 99996866]
[100002450, 99990355, 100010518, 99996677]
[99996819, 99970526, 100000591, 100032064]
[99998258, 100000943, 100006103, 99994696]
[100026418, 99982425, 99989682, 100001475]
[100007199, 99993600, 99991188, 100008013]
[100002450, 99990355, 100010518, 99996677]
[99989347, 100030165, 99982132, 99998356]
[99998258, 100000943, 100006103, 99994696]
[100014075, 99994729, 99996849, 99994347]
[100007199, 99993600, 99991188, 100008013]
[100000626, 99999477, 99995981, 100003916]
[99989347, 100030165, 99982132, 99998356]
[99993832, 100001597, 99990366, 100014205]
[100014075, 99994729, 99996849, 99994347]
[100002884, 99992577, 99992166, 100012373]
[100000626, 99999477, 99995981, 100003916]
[99990716, 100008227, 100000934, 100000123]
[99993832, 100001597, 99990366, 100014205]
[99988977, 100008098, 100012695, 99990230]
[100002884, 99992577, 99992166, 100012373]
[99986376, 100000860, 100020548, 99992216]
[99990716, 100008227, 100000934, 100000123]
[99980007, 100004979, 100009940, 100005074]
[99988977, 100008098, 100012695, 99990230]
[99982344, 99988449, 100008047, 100021160]
[99986376, 100000860, 100020548, 99992216]
[99970736, 99995372, 100004022, 100029870]
[99980007, 100004979, 100009940, 100005074]
[99978006, 100025163, 99989075, 100007756]
[99982344, 99988449, 100008047, 100021160]
[99989372, 100013068, 100007791, 99989769]
[99970736, 99995372, 100004022, 100029870]
[100008283, 99986052, 100010277, 99995388]
[99978006, 100025163, 99989075, 100007756]
[99972236, 99992395, 100007489, 100027880]
[99989372, 100013068, 100007791, 99989769]
[100000685, 100014884, 100000565, 99983866]
[100008283, 99986052, 100010277, 99995388]
[100003902, 100008827, 100005224, 99982047]
[99972236, 99992395, 100007489, 100027880]
[100000985, 100031781, 99972757, 99994477]
[100000685, 100014884, 100000565, 99983866]
[99997637, 99996063, 100002156, 100004144]
[100003902, 100008827, 100005224, 99982047]
[99985883, 100008525, 99993849, 100011743]
[100000985, 100031781, 99972757, 99994477]
[100006863, 99990025, 100016484, 99986628]
[99997637, 99996063, 100002156, 100004144]
[99989630, 100000851, 100008225, 100001294]
[99985883, 100008525, 99993849, 100011743]
[99978151, 100011285, 100006065, 100004499]
[100006863, 99990025, 100016484, 99986628]
[99981176, 100005888, 100008398, 100004538]
[99989630, 100000851, 100008225, 100001294]
[100000808, 100001981, 100000404, 99996807]
[99978151, 100011285, 100006065, 100004499]
[100010065, 100005150, 99988988, 99995797]
[99981176, 100005888, 100008398, 100004538]
[99958078, 100020500, 100016698, 100004724]
[100000808, 100001981, 100000404, 99996807]
[100003362, 100002135, 99987231, 100007272]
[100010065, 100005150, 99988988, 99995797]
[100012642, 99998960, 99976372, 100012026]
[99958078, 100020500, 100016698, 100004724]
[100025543, 99994996, 100003832, 99975629]
[100003362, 100002135, 99987231, 100007272]
[99993526, 100010766, 100001384, 99994324]
[100012642, 99998960, 99976372, 100012026]
[100014242, 100003443, 99995194, 99987121]
[100025543, 99994996, 100003832, 99975629]
[100013835, 99980389, 100013169, 99992607]
[99993526, 100010766, 100001384, 99994324]
[99987134, 100000472, 99997804, 100014590]
[100014242, 100003443, 99995194, 99987121]
[99999851, 100000030, 99994484, 100005635]
[100013835, 99980389, 100013169, 99992607]
[100008541, 99992596, 99981833, 100017030]
[99987134, 100000472, 99997804, 100014590]
[99969794, 100010378, 99989992, 100029836]
[99999851, 100000030, 99994484, 100005635]
[99998628, 100010080, 100005720, 99985572]
[100008541, 99992596, 99981833, 100017030]
[100006995, 99993250, 100018544, 99981211]
[99969794, 100010378, 99989992, 100029836]
[100001473, 99983725, 100015701, 99999101]
[99998628, 100010080, 100005720, 99985572]
[99996078, 99980719, 100012545, 100010658]
[100006995, 99993250, 100018544, 99981211]
[100008024, 99976555, 100013159, 100002262]
[100001473, 99983725, 100015701, 99999101]
[100015454, 99996803, 99998254, 99989489]
[99996078, 99980719, 100012545, 100010658]
[100005452, 100000565, 100005873, 99988110]
[100008024, 99976555, 100013159, 100002262]
[100006223, 99980355, 100020478, 99992944]
[100015454, 99996803, 99998254, 99989489]
[100007930, 99995423, 99996713, 99999934]
[100005452, 100000565, 100005873, 99988110]
[100026059, 99987510, 99995603, 99990828]
[100006223, 99980355, 100020478, 99992944]
[99998135, 99979494, 100019717, 100002654]
[100007930, 99995423, 99996713, 99999934]
[100018502, 100001371, 99994796, 99985331]
[100026059, 99987510, 99995603, 99990828]
[100007012, 100002856, 99988276, 100001856]
[99998135, 99979494, 100019717, 100002654]
[100002424, 100009724, 99994837, 99993015]
[100018502, 100001371, 99994796, 99985331]
[100001397, 100013352, 99979124, 100006127]
[100007012, 100002856, 99988276, 100001856]
[100016278, 100014233, 99984495, 99984994]
[100002424, 100009724, 99994837, 99993015]
[99991071, 99994834, 100003423, 100010672]
[100001397, 100013352, 99979124, 100006127]
[99994438, 99980686, 100008788, 100016088]
[100016278, 100014233, 99984495, 99984994]
[99992039, 100013676, 100013591, 99980694]
[99991071, 99994834, 100003423, 100010672]
[100004907, 99993670, 100000590, 100000833]
[99994438, 99980686, 100008788, 100016088]
[100034291, 99986177, 99988255, 99991277]
[99992039, 100013676, 100013591, 99980694]
[100015488, 100003834, 99974316, 100006362]
[100004907, 99993670, 100000590, 100000833]
[99980739, 99988964, 100036582, 99993715]
[100034291, 99986177, 99988255, 99991277]
[100005863, 100006304, 99992069, 99995764]
[100015488, 100003834, 99974316, 100006362]
[99997221, 100004054, 100003322, 99995403]
[99980739, 99988964, 100036582, 99993715]
[100011317, 99988727, 99997378, 100002578]
[100005863, 100006304, 99992069, 99995764]
[100005192, 100005864, 100001479, 99987465]
[99997221, 100004054, 100003322, 99995403]
[100004313, 100020501, 99999138, 99976048]
[100011317, 99988727, 99997378, 100002578]
[100009076, 99991699, 100007955, 99991270]
[100005192, 100005864, 100001479, 99987465]
[100005819, 99999472, 99998761, 99995948]
[100004313, 100020501, 99999138, 99976048]
[99972559, 99984796, 100019401, 100023244]
[100009076, 99991699, 100007955, 99991270]
[99994826, 99998140, 100011070, 99995964]
[100005819, 99999472, 99998761, 99995948]
[100018579, 100005912, 99981071, 99994438]
[99972559, 99984796, 100019401, 100023244]
[99992905, 99993589, 100013530, 99999976]
[99994826, 99998140, 100011070, 99995964]
[100009440, 99979969, 99999993, 100010598]
[100018579, 100005912, 99981071, 99994438]
[100001910, 99989321, 99998555, 100010214]
[99992905, 99993589, 100013530, 99999976]
[99989998, 100010279, 100001500, 99998223]
[100009440, 99979969, 99999993, 100010598]
[99983704, 100000228, 99995764, 100020304]
[100001910, 99989321, 99998555, 100010214]
[99997883, 99989723, 100007464, 100004930]
[99989998, 100010279, 100001500, 99998223]
[100034428, 100014570, 99972368, 99978634]
[99983704, 100000228, 99995764, 100020304]
[100006126, 99990727, 99987801, 100015346]
[99997883, 99989723, 100007464, 100004930]
[100006516, 100014271, 99989479, 99989734]
[100034428, 100014570, 99972368, 99978634]
[99995387, 99990315, 100019114, 99995184]
[100006126, 99990727, 99987801, 100015346]
[100009040, 100010229, 99983962, 99996769]
[100006516, 100014271, 99989479, 99989734]
[100002907, 100021688, 99996334, 99979071]
[99995387, 99990315, 100019114, 99995184]
[100000801, 100012744, 100003598, 99982857]
[100009040, 100010229, 99983962, 99996769]
[100006712, 100002433, 100001719, 99989136]
[100002907, 100021688, 99996334, 99979071]
[100013205, 99982259, 100018719, 99985817]
[100000801, 100012744, 100003598, 99982857]
[99997384, 99994783, 99997367, 100010466]
[100006712, 100002433, 100001719, 99989136]
[100012602, 100003857, 99992689, 99990852]
[100013205, 99982259, 100018719, 99985817]
[99997281, 99994274, 100004422, 100004023]
[99997384, 99994783, 99997367, 100010466]
[99978411, 100008162, 100029708, 99983719]
[100012602, 100003857, 99992689, 99990852]
[100004706, 100024316, 99985071, 99985907]
[99997281, 99994274, 100004422, 100004023]
[99997075, 100019978, 99974098, 100008849]
[99978411, 100008162, 100029708, 99983719]
[99973327, 100008782, 99997681, 100020210]
[99993588, 99997356, 100013802, 99995254]
[100004706, 100024316, 99985071, 99985907]
[100003786, 100005029, 99990539, 100000646]
[99997075, 100019978, 99974098, 100008849]
[99977942, 100017177, 100000914, 100003967]
[99973327, 100008782, 99997681, 100020210]
[99990606, 100000367, 100009679, 99999348]
[99993588, 99997356, 100013802, 99995254]
[100010221, 100007462, 99982177, 100000140]
[100003786, 100005029, 99990539, 100000646]
[99992571, 100005156, 100008901, 99993372]
[99977942, 100017177, 100000914, 100003967]
[100014898, 99984073, 100022560, 99978469]
[99990606, 100000367, 100009679, 99999348]
[99981838, 100006785, 100013389, 99997988]
[100010221, 100007462, 99982177, 100000140]
[100013751, 99979164, 100016179, 99990906]
[99992571, 100005156, 100008901, 99993372]
[99997465, 99990888, 100011985, 99999662]
[100014898, 99984073, 100022560, 99978469]
[99977555, 99991162, 100009339, 100021944]
[99981838, 100006785, 100013389, 99997988]
[99994456, 99995355, 100017601, 99992588]
[100013751, 99979164, 100016179, 99990906]
[99978030, 99986259, 100034122, 100001589]
[99997465, 99990888, 100011985, 99999662]
[100021563, 99975116, 99983826, 100019495]
[99977555, 99991162, 100009339, 100021944]
[100011561, 99981899, 100012857, 99993683]
[99994456, 99995355, 100017601, 99992588]
[100023153, 100006223, 99984044, 99986580]
[99978030, 99986259, 100034122, 100001589]
[99994327, 99996324, 100005612, 100003737]
[100021563, 99975116, 99983826, 100019495]
[100007678, 100004118, 100001570, 99986634]
[100011561, 99981899, 100012857, 99993683]
[99996053, 100007669, 99996600, 99999678]
[100023153, 100006223, 99984044, 99986580]
[100011107, 100003226, 100001134, 99984533]
[99994327, 99996324, 100005612, 100003737]
[100010873, 99980978, 99981312, 100026837]
[100007678, 100004118, 100001570, 99986634]
[100014116, 99982247, 100000470, 100003167]
[99996053, 100007669, 99996600, 99999678]
[99998659, 99978900, 100041232, 99981209]
[100011107, 100003226, 100001134, 99984533]
[100007933, 99989702, 99990496, 100011869]
[100010873, 99980978, 99981312, 100026837]
[99976724, 100010992, 100008884, 100003400]
[100014116, 99982247, 100000470, 100003167]
[99997374, 100017554, 99993137, 99991935]
[99998659, 99978900, 100041232, 99981209]
[100037622, 99983098, 99988407, 99990873]
[100007933, 99989702, 99990496, 100011869]
[100017429, 99997280, 100002584, 99982707]
[99976724, 100010992, 100008884, 100003400]
[99976772, 100015870, 99983305, 100024053]
[99997374, 100017554, 99993137, 99991935]
[100012477, 99988491, 99991597, 100007435]
[100037622, 99983098, 99988407, 99990873]
[99997456, 99983394, 100003986, 100015164]
[100017429, 99997280, 100002584, 99982707]
[99998740, 100016998, 99980213, 100004049]
[99976772, 100015870, 99983305, 100024053]
[100024013, 99986392, 99982978, 100006617]
[100012477, 99988491, 99991597, 100007435]
[100010766, 99992355, 100002177, 99994702]
[99997456, 99983394, 100003986, 100015164]
[100010578, 99993793, 99986881, 100008748]
[99998740, 100016998, 99980213, 100004049]
[100013466, 100001227, 99987571, 99997736]
[100024013, 99986392, 99982978, 100006617]
[100005676, 100007750, 99996994, 99989580]
[100010766, 99992355, 100002177, 99994702]
[100006517, 99993375, 100000018, 100000090]
[100010578, 99993793, 99986881, 100008748]
[99997649, 100001277, 99999434, 100001640]
[100013466, 100001227, 99987571, 99997736]
[100005822, 100003942, 99991084, 99999152]
[100005676, 100007750, 99996994, 99989580]
[100010681, 100003626, 100002204, 99983489]
[100006517, 99993375, 100000018, 100000090]
[100021821, 99973283, 100004598, 100000298]
[99997649, 100001277, 99999434, 100001640]
[99985920, 100043534, 99985346, 99985200]
[100005822, 100003942, 99991084, 99999152]
[99977247, 100004509, 100011602, 100006642]
[100010681, 100003626, 100002204, 99983489]
[100004883, 99990690, 99989693, 100014734]
[100021821, 99973283, 100004598, 100000298]
[100010665, 99988090, 100003154, 99998091]
[99985920, 100043534, 99985346, 99985200]
[99986998, 99987702, 100021280, 100004020]
[99977247, 100004509, 100011602, 100006642]
[100008925, 99966209, 100020833, 100004033]
[100004883, 99990690, 99989693, 100014734]
[99997966, 99995132, 100025546, 99981356]
[100010665, 99988090, 100003154, 99998091]
[100003383, 99982459, 99994560, 100019598]
[99986998, 99987702, 100021280, 100004020]
[99980352, 100003627, 100015256, 100000765]
[100008925, 99966209, 100020833, 100004033]
[99990719, 99988652, 100005472, 100015157]
[99997966, 99995132, 100025546, 99981356]
[99977131, 100013005, 100001460, 100008404]
[100003383, 99982459, 99994560, 100019598]
[99994575, 100018838, 99978135, 100008452]
[99980352, 100003627, 100015256, 100000765]
[99994802, 100020091, 99986518, 99998589]
[99990719, 99988652, 100005472, 100015157]
[99984650, 100004831, 100006029, 100004490]
[99977131, 100013005, 100001460, 100008404]
[100007796, 100023120, 99993369, 99975715]
[99994575, 100018838, 99978135, 100008452]
[100005224, 100006889, 100003353, 99984534]
[99994802, 100020091, 99986518, 99998589]
[99992518, 100007853, 99988773, 100010856]
[99984650, 100004831, 100006029, 100004490]
[100011677, 99967924, 100004277, 100016122]
[100007796, 100023120, 99993369, 99975715]
[100004578, 100001824, 100001313, 99992285]
[100005224, 100006889, 100003353, 99984534]
[99999929, 100019314, 99988473, 99992284]
[99992518, 100007853, 99988773, 100010856]
[100023344, 99997928, 100002777, 99975951]
[100011677, 99967924, 100004277, 100016122]
[100000075, 100007349, 99984072, 100008504]
[100004578, 100001824, 100001313, 99992285]
[99993541, 99957949, 100034311, 100014199]
[99999929, 100019314, 99988473, 99992284]
[99996157, 100019565, 99994321, 99989957]
[100023344, 99997928, 100002777, 99975951]
[100012588, 99987437, 99992029, 100007946]
[100000075, 100007349, 99984072, 100008504]
[99996270, 100015540, 99982631, 100005559]
[99993541, 99957949, 100034311, 100014199]
[99992375, 100008510, 100022006, 99977109]
[99996157, 100019565, 99994321, 99989957]
[100001399, 99996897, 99985266, 100016438]
[100012588, 99987437, 99992029, 100007946]
[100033093, 99992461, 99986986, 99987460]
[99996270, 100015540, 99982631, 100005559]
[100007106, 100000456, 99998466, 99993972]
[99992375, 100008510, 100022006, 99977109]
[100003250, 100002803, 99995663, 99998284]
[100001399, 99996897, 99985266, 100016438]
[99991047, 100011908, 100000033, 99997012]
[100033093, 99992461, 99986986, 99987460]
[100004062, 99999344, 99979164, 100017430]
[100007106, 100000456, 99998466, 99993972]
[99986078, 99974938, 100026698, 100012286]
[100003250, 100002803, 99995663, 99998284]
[100001897, 100011233, 100003914, 99982956]
[99991047, 100011908, 100000033, 99997012]
[99999558, 100026841, 100011554, 99962047]
[100004062, 99999344, 99979164, 100017430]
[99994971, 100009643, 100018429, 99976957]
[99986078, 99974938, 100026698, 100012286]
[99987675, 100014013, 99981728, 100016584]
[100001897, 100011233, 100003914, 99982956]
[99982627, 99981691, 100024549, 100011133]
[99999558, 100026841, 100011554, 99962047]
[99995682, 99982444, 100011658, 100010216]
[99994971, 100009643, 100018429, 99976957]
[100034693, 99993138, 99995709, 99976460]
[99987675, 100014013, 99981728, 100016584]
[99998730, 100020512, 99976500, 100004258]
[99982627, 99981691, 100024549, 100011133]
[99989031, 99999993, 100002494, 100008482]
[99995682, 99982444, 100011658, 100010216]
[99987539, 99993382, 100017697, 100001382]
[100034693, 99993138, 99995709, 99976460]
[99985463, 99980688, 100020032, 100013817]
[99998730, 100020512, 99976500, 100004258]
[99982553, 100007503, 100013189, 99996755]
[99989031, 99999993, 100002494, 100008482]
[100001592, 99991549, 100028308, 99978551]
[99987539, 99993382, 100017697, 100001382]
[100022415, 99982275, 100003146, 99992164]
[99985463, 99980688, 100020032, 100013817]
[99982213, 100017549, 100023359, 99976879]
[99982553, 100007503, 100013189, 99996755]
[100024264, 100017700, 99977964, 99980072]
[100001592, 99991549, 100028308, 99978551]
[100008367, 99976666, 100029048, 99985919]
[100022415, 99982275, 100003146, 99992164]
[100003202, 99995922, 100013001, 99987875]
[99982213, 100017549, 100023359, 99976879]
[100016779, 99987381, 99993268, 100002572]
[100024264, 100017700, 99977964, 99980072]
[100000878, 100015948, 99989886, 99993288]
[100008367, 99976666, 100029048, 99985919]
[99974139, 100017188, 100015785, 99992888]
[100003202, 99995922, 100013001, 99987875]
[100030243, 99969568, 99997412, 100002777]
[100016779, 99987381, 99993268, 100002572]
[100007680, 99987379, 100021118, 99983823]
[100000878, 100015948, 99989886, 99993288]
[100000104, 100009822, 99982631, 100007443]
[99974139, 100017188, 100015785, 99992888]
[100028330, 99989800, 99975500, 100006370]
[100030243, 99969568, 99997412, 100002777]
[100010141, 99992833, 100010237, 99986789]
[100007680, 99987379, 100021118, 99983823]
[99993775, 100011397, 99985687, 100009141]
[100000104, 100009822, 99982631, 100007443]
[99986002, 99974325, 100006595, 100033078]
[100028330, 99989800, 99975500, 100006370]
[100006267, 99992228, 100002408, 99999097]
[100010141, 99992833, 100010237, 99986789]
[100011259, 99997746, 99995953, 99995042]
[99993775, 100011397, 99985687, 100009141]
[99985939, 100017103, 99993466, 100003492]
[99986002, 99974325, 100006595, 100033078]
[100012568, 99991108, 99985093, 100011231]
[100006267, 99992228, 100002408, 99999097]
[100007465, 99989028, 100011998, 99991509]
[100011259, 99997746, 99995953, 99995042]
[99984675, 100015015, 99992549, 100007761]
[99985939, 100017103, 99993466, 100003492]
[99994928, 100019952, 100004874, 99980246]
[100012568, 99991108, 99985093, 100011231]
[99986080, 100015582, 100004056, 99994282]
[100007465, 99989028, 100011998, 99991509]
[100018623, 100015907, 99967868, 99997602]
[99984675, 100015015, 99992549, 100007761]
[100006872, 99987569, 99988043, 100017516]
[99994928, 100019952, 100004874, 99980246]
[100005008, 99989711, 100001902, 100003379]
[99986080, 100015582, 100004056, 99994282]
[100000535, 100011569, 100009572, 99978324]
[100018623, 100015907, 99967868, 99997602]
[99986944, 99991488, 100014511, 100007057]
[100006872, 99987569, 99988043, 100017516]
[99995686, 100010661, 100007696, 99985957]
[100005008, 99989711, 100001902, 100003379]
[99998143, 100012752, 99989597, 99999508]
[100000535, 100011569, 100009572, 99978324]
[99986231, 99988967, 100016104, 100008698]
[99986944, 99991488, 100014511, 100007057]
[99986584, 100028107, 99989848, 99995461]
[99995686, 100010661, 100007696, 99985957]
[100014620, 99995892, 99989314, 100000174]
[99998143, 100012752, 99989597, 99999508]
[99999105, 99987822, 100007947, 100005126]
[99986231, 99988967, 100016104, 100008698]
[99995186, 100012715, 100017229, 99974870]
[99986584, 100028107, 99989848, 99995461]
[99984354, 99983840, 100030520, 100001286]
[100014620, 99995892, 99989314, 100000174]
[100001856, 99999514, 100004869, 99993761]
[99999105, 99987822, 100007947, 100005126]
[99984587, 100003393, 99994276, 100017744]
[99995186, 100012715, 100017229, 99974870]
[100009468, 99978205, 100004667, 100007660]
[99984354, 99983840, 100030520, 100001286]
[100000445, 99984117, 100028212, 99987226]
[100001856, 99999514, 100004869, 99993761]
[100007274, 100008971, 99993699, 99990056]
[99984587, 100003393, 99994276, 100017744]
[100004865, 99980859, 99997593, 100016683]
[100009468, 99978205, 100004667, 100007660]
[100017005, 100005572, 99991517, 99985906]
[100000445, 99984117, 100028212, 99987226]
[100003692, 100003410, 99995243, 99997655]
[100007274, 100008971, 99993699, 99990056]
[99990875, 99982191, 100015425, 100011509]
[100004865, 99980859, 99997593, 100016683]
[100018202, 100014738, 99982412, 99984648]
[100017005, 100005572, 99991517, 99985906]
[100013340, 99992388, 99981992, 100012280]
[100003692, 100003410, 99995243, 99997655]
[99994035, 100008547, 99998778, 99998640]
[99990875, 99982191, 100015425, 100011509]
[100012927, 99995349, 99991365, 100000359]
[100027309, 99986669, 99984407, 100001615]
[100018202, 100014738, 99982412, 99984648]
[99999017, 100012055, 99991714, 99997214]
[100013340, 99992388, 99981992, 100012280]
[99992625, 100010983, 100015690, 99980702]
[99994035, 100008547, 99998778, 99998640]
[99998183, 100013298, 99999558, 99988961]
[100012927, 99995349, 99991365, 100000359]
[99990057, 99978280, 100031416, 100000247]
[100027309, 99986669, 99984407, 100001615]
[100009036, 99996967, 100005052, 99988945]
[99999017, 100012055, 99991714, 99997214]
[100000991, 100007194, 99983516, 100008299]
[99992625, 100010983, 100015690, 99980702]
[99981511, 99988477, 99999379, 100030633]
[99998183, 100013298, 99999558, 99988961]
[100006221, 99984767, 100005854, 100003158]
[99990057, 99978280, 100031416, 100000247]
[100012597, 100006334, 99975888, 100005181]
[100009036, 99996967, 100005052, 99988945]
[99991547, 99986389, 99997276, 100024788]
[100000991, 100007194, 99983516, 100008299]
[100007988, 99987296, 100008063, 99996653]
[99981511, 99988477, 99999379, 100030633]
[99991445, 100024362, 99997134, 99987059]
[100006221, 99984767, 100005854, 100003158]
[99998025, 100024325, 99973630, 100004020]
[100012597, 100006334, 99975888, 100005181]
[100007137, 99980836, 100008949, 100003078]
[99991547, 99986389, 99997276, 100024788]
[99978559, 100014387, 100012020, 99995034]
[100007988, 99987296, 100008063, 99996653]
[99988376, 99988529, 100018295, 100004800]
[99991445, 100024362, 99997134, 99987059]
[100016499, 99990494, 100016798, 99976209]
[99998025, 100024325, 99973630, 100004020]
[100005712, 99981525, 99985202, 100027561]
[100007137, 99980836, 100008949, 100003078]
[100011082, 99992575, 99997939, 99998404]
[99978559, 100014387, 100012020, 99995034]
[100018255, 100010774, 99978189, 99992782]
[99988376, 99988529, 100018295, 100004800]
[99973050, 100019696, 100006308, 100000946]
[100016499, 99990494, 100016798, 99976209]
[99987930, 100019183, 100012743, 99980144]
[100005712, 99981525, 99985202, 100027561]
[100007849, 99984452, 100007721, 99999978]
[100011082, 99992575, 99997939, 99998404]
[99981361, 100004606, 100009847, 100004186]
[100018255, 100010774, 99978189, 99992782]
[99984352, 100001884, 99998390, 100015374]
[99973050, 100019696, 100006308, 100000946]
[99995253, 100005009, 99985845, 100013893]
[99987930, 100019183, 100012743, 99980144]
[99995156, 100000002, 99995509, 100009333]
[100007849, 99984452, 100007721, 99999978]
[99999674, 99993323, 99987381, 100019622]
[99981361, 100004606, 100009847, 100004186]
[100020752, 99985091, 99978099, 100016058]
[99984352, 100001884, 99998390, 100015374]
[100002501, 100003923, 100001714, 99991862]
[99995253, 100005009, 99985845, 100013893]
[99999491, 99988258, 100000314, 100011937]
[99995156, 100000002, 99995509, 100009333]
[99995623, 99985099, 100012729, 100006549]
[99999674, 99993323, 99987381, 100019622]
[99993476, 100007032, 99982019, 100017473]
[100020752, 99985091, 99978099, 100016058]
[100015959, 99990086, 99991665, 100002290]
[100002501, 100003923, 100001714, 99991862]
[100006135, 99994598, 100008079, 99991188]
[99999491, 99988258, 100000314, 100011937]
[99998099, 99987544, 100011624, 100002733]
[99995623, 99985099, 100012729, 100006549]
[100011019, 99997952, 99979750, 100011279]
[99993476, 100007032, 99982019, 100017473]
[100000006, 100005813, 99989659, 100004522]
[100015959, 99990086, 99991665, 100002290]
[100006627, 100003166, 100010941, 99979266]
[100006135, 99994598, 100008079, 99991188]
[100001971, 100000468, 100005819, 99991742]
[99998099, 99987544, 100011624, 100002733]
[99993283, 100000296, 100019006, 99987415]
[100011019, 99997952, 99979750, 100011279]
[100008741, 100023987, 99992648, 99974624]
[100000006, 100005813, 99989659, 100004522]
[99999576, 99992317, 100011800, 99996307]
[100006627, 100003166, 100010941, 99979266]
[100005913, 100001371, 100002154, 99990562]
[100001971, 100000468, 100005819, 99991742]
[100009273, 99988188, 100009652, 99992887]
[99993283, 100000296, 100019006, 99987415]
[100012137, 99992803, 100018744, 99976316]
[100008741, 100023987, 99992648, 99974624]
[99991981, 100020402, 99968549, 100019068]
[99999576, 99992317, 100011800, 99996307]
[100026411, 100000841, 99973663, 99999085]
[100005913, 100001371, 100002154, 99990562]
[99980623, 99992287, 100022836, 100004254]
[100009273, 99988188, 100009652, 99992887]
[99974833, 99991541, 100022260, 100011366]
[100012137, 99992803, 100018744, 99976316]
[99989702, 100020715, 99999761, 99989822]
[99991981, 100020402, 99968549, 100019068]
[99998767, 100027482, 100003570, 99970181]
[100026411, 100000841, 99973663, 99999085]
[99991986, 99998035, 100006753, 100003226]
[99980623, 99992287, 100022836, 100004254]
[100000080, 100009728, 99977804, 100012388]
[99974833, 99991541, 100022260, 100011366]
[100012224, 99992058, 99996706, 99999012]
[99989702, 100020715, 99999761, 99989822]
[99989271, 100003084, 99987644, 100020001]
[99998767, 100027482, 100003570, 99970181]
[99992278, 99998813, 99986783, 100022126]
[99991986, 99998035, 100006753, 100003226]
[99983134, 100003586, 100010074, 100003206]
[100000080, 100009728, 99977804, 100012388]
[99987432, 100007487, 100011033, 99994048]
[100012224, 99992058, 99996706, 99999012]
[99983245, 100022951, 100002454, 99991350]
[99989271, 100003084, 99987644, 100020001]
[100005272, 99998071, 99999076, 99997581]
[99992278, 99998813, 99986783, 100022126]
[100001499, 99986751, 100017075, 99994675]
[99983134, 100003586, 100010074, 100003206]
[100021259, 99985490, 99992165, 100001086]
[99987432, 100007487, 100011033, 99994048]
[100003295, 100000477, 99981854, 100014374]
[99983245, 100022951, 100002454, 99991350]
[100027222, 99962756, 100014629, 99995393]
[100005272, 99998071, 99999076, 99997581]
[100026284, 99965428, 99994330, 100013958]
[100001499, 99986751, 100017075, 99994675]
[100005532, 99992466, 99999915, 100002087]
[100021259, 99985490, 99992165, 100001086]
[99991852, 99984073, 100011807, 100012268]
[100003295, 100000477, 99981854, 100014374]
[99997725, 100006741, 100011963, 99983571]
[100027222, 99962756, 100014629, 99995393]
[99999856, 99988012, 100010196, 100001936]
[100026284, 99965428, 99994330, 100013958]
[99991923, 100002715, 99994815, 100010547]
[100005532, 99992466, 99999915, 100002087]
[100010299, 99988565, 99998300, 100002836]
[99991852, 99984073, 100011807, 100012268]
[99988513, 99984772, 100019967, 100006748]
[99997725, 100006741, 100011963, 99983571]
[99986956, 100025139, 99990302, 99997603]
[99999856, 99988012, 100010196, 100001936]
[100005541, 100009105, 100001166, 99984188]
[99991923, 100002715, 99994815, 100010547]
[100003228, 99999730, 99997022, 100000020]
[100010299, 99988565, 99998300, 100002836]
[99987539, 99990434, 100023055, 99998972]
[99988513, 99984772, 100019967, 100006748]
[99971173, 99995592, 100005567, 100027668]
[99986956, 100025139, 99990302, 99997603]
[99995539, 99993677, 99996468, 100014316]
[100005541, 100009105, 100001166, 99984188]
[100007803, 100019595, 100009140, 99963462]
[100003228, 99999730, 99997022, 100000020]
[100006618, 99993362, 100005558, 99994462]
[99987539, 99990434, 100023055, 99998972]
[99976409, 100017448, 100001409, 100004734]
[99971173, 99995592, 100005567, 100027668]
[99967714, 99982889, 100030228, 100019169]
[99995539, 99993677, 99996468, 100014316]
[99984363, 100018504, 99993362, 100003771]
[100007803, 100019595, 100009140, 99963462]
[100007677, 99987196, 100009454, 99995673]
[100006618, 99993362, 100005558, 99994462]
[100014748, 100013228, 99972104, 99999920]
[99976409, 100017448, 100001409, 100004734]
[100003509, 100012393, 99977830, 100006268]
[99967714, 99982889, 100030228, 100019169]
[99994254, 100017098, 99984692, 100003956]
[99984363, 100018504, 99993362, 100003771]
[100002214, 99995916, 99997922, 100003948]
[100007677, 99987196, 100009454, 99995673]
[99999734, 99995666, 100000858, 100003742]
[100014748, 100013228, 99972104, 99999920]
[99990513, 100006975, 100013112, 99989400]
[100003509, 100012393, 99977830, 100006268]
[100007196, 99976982, 100003366, 100012456]
[99994254, 100017098, 99984692, 100003956]
[99994447, 100006485, 99996746, 100002322]
[100002214, 99995916, 99997922, 100003948]
[100001513, 99989535, 100015011, 99993941]
[99999734, 99995666, 100000858, 100003742]
[100010172, 100007070, 99979178, 100003580]
[99990513, 100006975, 100013112, 99989400]
[99994113, 100020360, 100005375, 99980152]
[100007196, 99976982, 100003366, 100012456]
[99991033, 100005950, 100012444, 99990573]
[99994447, 100006485, 99996746, 100002322]
[100013196, 99987646, 99991060, 100008098]
[100001513, 99989535, 100015011, 99993941]
[100011467, 99983036, 100006665, 99998832]
[100010172, 100007070, 99979178, 100003580]
[99982803, 100000923, 100006113, 100010161]
[99994113, 100020360, 100005375, 99980152]
[99966161, 100002945, 100013870, 100017024]
[99991033, 100005950, 100012444, 99990573]
[99999760, 100004960, 100015114, 99980166]
[100013196, 99987646, 99991060, 100008098]
[100008358, 100000452, 99992373, 99998817]
[100011467, 99983036, 100006665, 99998832]
[99987528, 100000514, 100007945, 100004013]
[99982803, 100000923, 100006113, 100010161]
[99976378, 100028005, 99993259, 100002358]
[99966161, 100002945, 100013870, 100017024]
[99989215, 99992431, 100009545, 100008809]
[99999760, 100004960, 100015114, 99980166]
[100018143, 99999742, 99979855, 100002260]
[100008358, 100000452, 99992373, 99998817]
[100016317, 100006305, 100003289, 99974089]
[99987528, 100000514, 100007945, 100004013]
[100032658, 99970346, 100011954, 99985042]
[99976378, 100028005, 99993259, 100002358]
[99978475, 100013891, 100011702, 99995932]
[99989215, 99992431, 100009545, 100008809]
[99992684, 100001156, 99992019, 100014141]
[100018143, 99999742, 99979855, 100002260]
[99971266, 100012653, 99995480, 100020601]
[100016317, 100006305, 100003289, 99974089]
[100014539, 99994410, 99995247, 99995804]
[100032658, 99970346, 100011954, 99985042]
[100002290, 99982289, 100030008, 99985413]
[99978475, 100013891, 100011702, 99995932]
[99980971, 100007707, 99993699, 100017623]
[99992684, 100001156, 99992019, 100014141]
[100006784, 99976785, 99995230, 100021201]
[99971266, 100012653, 99995480, 100020601]
[100005313, 100017841, 99967740, 100009106]
[100014539, 99994410, 99995247, 99995804]
[100002759, 100009874, 100001855, 99985512]
[100002290, 99982289, 100030008, 99985413]
[99986604, 100008460, 99993197, 100011739]
[99980971, 100007707, 99993699, 100017623]
[100007253, 99986236, 100001609, 100004902]
[100006784, 99976785, 99995230, 100021201]
[100001042, 99990054, 100012403, 99996501]
[100005313, 100017841, 99967740, 100009106]
[100003355, 100011571, 99982265, 100002809]
[100002759, 100009874, 100001855, 99985512]
[100000805, 99991223, 100011586, 99996386]
[99986604, 100008460, 99993197, 100011739]
[100009035, 100016145, 99997891, 99976929]
[100007253, 99986236, 100001609, 100004902]
[100011757, 99971496, 100027723, 99989024]
[100001042, 99990054, 100012403, 99996501]
[100001573, 100007155, 99995276, 99995996]
[100003355, 100011571, 99982265, 100002809]
[99997795, 100002670, 99985541, 100013994]
[100000805, 99991223, 100011586, 99996386]
[100005462, 100012868, 100000804, 99980866]
[100009035, 100016145, 99997891, 99976929]
[100015580, 99979331, 99997298, 100007791]
[100011757, 99971496, 100027723, 99989024]
[99995957, 100019986, 99991909, 99992148]
[100001573, 100007155, 99995276, 99995996]
[99983076, 100015958, 99993750, 100007216]
[99997795, 100002670, 99985541, 100013994]
[99987625, 100011275, 100006632, 99994468]
[100005462, 100012868, 100000804, 99980866]
[100022450, 100012312, 99974836, 99990402]
[100015580, 99979331, 99997298, 100007791]
[99997316, 100016853, 99997484, 99988347]
[99995957, 100019986, 99991909, 99992148]
[100008896, 100002752, 99996853, 99991499]
[99983076, 100015958, 99993750, 100007216]
[100012547, 99987947, 100011888, 99987618]
[99987625, 100011275, 100006632, 99994468]
[99985038, 99995511, 100018204, 100001247]
[100022450, 100012312, 99974836, 99990402]
[100024328, 99987440, 99994918, 99993314]
[99997316, 100016853, 99997484, 99988347]
[100001837, 100005935, 100002754, 99989474]
[100008896, 100002752, 99996853, 99991499]
[100009924, 100004935, 100000089, 99985052]
[100012547, 99987947, 100011888, 99987618]
[100005724, 100018306, 100005669, 99970301]
[100002162, 99986863, 99992380, 100018595]
[99985038, 99995511, 100018204, 100001247]
[100015134, 99995041, 100010364, 99979461]
[100024328, 99987440, 99994918, 99993314]
[100010406, 99990297, 100003899, 99995398]
[100001837, 100005935, 100002754, 99989474]
[99990591, 100022648, 99983166, 100003595]
[100009924, 100004935, 100000089, 99985052]
[99983061, 99999715, 99998938, 100018286]
[100005724, 100018306, 100005669, 99970301]
[99988989, 100004356, 99995039, 100011616]
[100002162, 99986863, 99992380, 100018595]
[99989662, 100007378, 100001514, 100001446]
[100015134, 99995041, 100010364, 99979461]
[99996529, 100004600, 100000124, 99998747]
[100010406, 99990297, 100003899, 99995398]
[99999426, 100015033, 99970227, 100015314]
[99990591, 100022648, 99983166, 100003595]
[100001669, 99994728, 100006413, 99997190]
[99983061, 99999715, 99998938, 100018286]
[99995762, 99990928, 100008502, 100004808]
[99988989, 100004356, 99995039, 100011616]
[100001385, 100004999, 100006855, 99986761]
[99989662, 100007378, 100001514, 100001446]
[100008995, 99988621, 99999637, 100002747]
[99996529, 100004600, 100000124, 99998747]
[99985603, 100017235, 99988323, 100008839]
[99999426, 100015033, 99970227, 100015314]
[100014146, 99991762, 100021525, 99972567]
[100001669, 99994728, 100006413, 99997190]
[99986202, 100015722, 100002544, 99995532]
[99995762, 99990928, 100008502, 100004808]
[99973255, 100015839, 100002001, 100008905]
[100001385, 100004999, 100006855, 99986761]
[100008163, 100007594, 100004826, 99979417]
[100008995, 99988621, 99999637, 100002747]
[100014451, 100004165, 100004446, 99976938]
[99985603, 100017235, 99988323, 100008839]
[100018800, 100004490, 99969630, 100007080]
[100014146, 99991762, 100021525, 99972567]
[99986553, 100010940, 100007078, 99995429]
[99986202, 100015722, 100002544, 99995532]
[99989878, 99994403, 100001181, 100014538]
[99973255, 100015839, 100002001, 100008905]
[100000823, 100007394, 99994309, 99997474]
[100008163, 100007594, 100004826, 99979417]
[100004068, 100002365, 99980694, 100012873]
[100014451, 100004165, 100004446, 99976938]
[99986990, 100012037, 99989245, 100011728]
[100018800, 100004490, 99969630, 100007080]
[100006559, 99998171, 99998602, 99996668]
[99986553, 100010940, 100007078, 99995429]
[100012888, 100001197, 99981940, 100003975]
[99989878, 99994403, 100001181, 100014538]
[100007696, 99990287, 100003189, 99998828]
[100000823, 100007394, 99994309, 99997474]
[99976989, 99985576, 100014264, 100023171]
[100004068, 100002365, 99980694, 100012873]
[100005848, 99988638, 100002546, 100002968]
[99986990, 100012037, 99989245, 100011728]
[100003470, 100008841, 99988267, 99999422]
[100006559, 99998171, 99998602, 99996668]
[99989043, 99998468, 100014717, 99997772]
[100012888, 100001197, 99981940, 100003975]
[100007662, 99989959, 99994210, 100008169]
[100007696, 99990287, 100003189, 99998828]
[99985885, 100001109, 100011355, 100001651]
[99976989, 99985576, 100014264, 100023171]
[100020447, 100005092, 99981482, 99992979]
[100005848, 99988638, 100002546, 100002968]
[100018060, 99973331, 100008768, 99999841]
[100003470, 100008841, 99988267, 99999422]
[99998649, 100017087, 100018608, 99965656]
[99989043, 99998468, 100014717, 99997772]
[99995436, 100016919, 99996364, 99991281]
[100007662, 99989959, 99994210, 100008169]
[99999123, 99992556, 100017968, 99990353]
[99985885, 100001109, 100011355, 100001651]
[99999437, 100007404, 99993231, 99999928]
[100020447, 100005092, 99981482, 99992979]
[100033615, 99970861, 100007648, 99987876]
[100018060, 99973331, 100008768, 99999841]
[100016149, 99978618, 99987045, 100018188]
[99998649, 100017087, 100018608, 99965656]
[99997329, 100005421, 100009550, 99987700]
[99995436, 100016919, 99996364, 99991281]
[100016923, 99987913, 100003365, 99991799]
[99999123, 99992556, 100017968, 99990353]
[100006064, 99990409, 100001224, 100002303]
[99999437, 100007404, 99993231, 99999928]
[100015062, 99997752, 99982946, 100004240]
[100033615, 99970861, 100007648, 99987876]
[100001260, 99998016, 100007318, 99993406]
[100016149, 99978618, 99987045, 100018188]
[100002189, 100014525, 100006669, 99976617]
[99997329, 100005421, 100009550, 99987700]
[100009819, 100024266, 99991873, 99974042]
[100016923, 99987913, 100003365, 99991799]
[100005783, 100014786, 99997857, 99981574]
[100006064, 99990409, 100001224, 100002303]
[100002874, 100003222, 99999355, 99994549]
[100015062, 99997752, 99982946, 100004240]
[99997838, 100002744, 99997607, 100001811]
[100001260, 99998016, 100007318, 99993406]
[100009835, 100004872, 99993811, 99991482]
[100002189, 100014525, 100006669, 99976617]
[99987018, 100019478, 100004860, 99988644]
[100009819, 100024266, 99991873, 99974042]
[99982535, 100030645, 99983628, 100003192]
[100005783, 100014786, 99997857, 99981574]
[99994797, 100016612, 100003496, 99985095]
[100002874, 100003222, 99999355, 99994549]
[99996386, 99990661, 100024012, 99988941]
[99997838, 100002744, 99997607, 100001811]
[99997470, 99959972, 100003879, 100038679]
[100009835, 100004872, 99993811, 99991482]
[100014098, 100006001, 99993333, 99986568]
[99987018, 100019478, 100004860, 99988644]
[99991617, 100007652, 100003112, 99997619]
[99982535, 100030645, 99983628, 100003192]
[100009912, 100005022, 99987740, 99997326]
[99994797, 100016612, 100003496, 99985095]
[99982367, 99987056, 100032243, 99998334]
[99996386, 99990661, 100024012, 99988941]
[99996058, 100009197, 99999432, 99995313]
[99997470, 99959972, 100003879, 100038679]
[100012652, 99998997, 99993088, 99995263]
[100014098, 100006001, 99993333, 99986568]
[99993692, 100010174, 99980458, 100015676]
[99991617, 100007652, 100003112, 99997619]
[100009317, 99984421, 100027660, 99978602]
[100009912, 100005022, 99987740, 99997326]
[99989902, 99970977, 100011927, 100027194]
[99982367, 99987056, 100032243, 99998334]
[99995232, 100008904, 99976200, 100019664]
[99996058, 100009197, 99999432, 99995313]
[100002142, 99985852, 100005190, 100006816]
[100012652, 99998997, 99993088, 99995263]
[100007658, 99996754, 100008353, 99987235]
[99993692, 100010174, 99980458, 100015676]
[100002838, 100019249, 100004044, 99973869]
[100009317, 99984421, 100027660, 99978602]
[100003164, 99996055, 100007849, 99992932]
[99989902, 99970977, 100011927, 100027194]
[100015821, 99992251, 100001955, 99989973]
[99995232, 100008904, 99976200, 100019664]
[99999429, 100005142, 99993393, 100002036]
[100002142, 99985852, 100005190, 100006816]
[100014143, 99994051, 99996046, 99995760]
[100007658, 99996754, 100008353, 99987235]
[99987404, 100010008, 100008553, 99994035]
[100002838, 100019249, 100004044, 99973869]
[99994148, 99994227, 100010098, 100001527]
[100003164, 99996055, 100007849, 99992932]
[100004863, 100010411, 99990837, 99993889]
[100015821, 99992251, 100001955, 99989973]
[100009178, 100004862, 100008225, 99977735]
[99999429, 100005142, 99993393, 100002036]
[100020878, 99999730, 99987946, 99991446]
[100014143, 99994051, 99996046, 99995760]
[99963217, 100010976, 99999618, 100026189]
[99987404, 100010008, 100008553, 99994035]
[99966564, 100009010, 99997914, 100026512]
[99994148, 99994227, 100010098, 100001527]
[100000729, 99988848, 100008087, 100002336]
[100004863, 100010411, 99990837, 99993889]
[100025715, 99985385, 100007220, 99981680]
[100009178, 100004862, 100008225, 99977735]
[99995723, 100012688, 100001374, 99990215]
[100020878, 99999730, 99987946, 99991446]
[100007633, 100006582, 100004472, 99981313]
[99963217, 100010976, 99999618, 100026189]
[100001379, 99990599, 99994549, 100013473]
[99966564, 100009010, 99997914, 100026512]
[100001603, 100018308, 99988155, 99991934]
[100000729, 99988848, 100008087, 100002336]
[100010364, 100006211, 100003131, 99980294]
[100025715, 99985385, 100007220, 99981680]
[100003635, 100000279, 99994564, 100001522]
[99995723, 100012688, 100001374, 99990215]
[100012144, 99979322, 99999832, 100008702]
[100007633, 100006582, 100004472, 99981313]
[100004035, 99994506, 100007072, 99994387]
[100001379, 99990599, 99994549, 100013473]
[99981217, 100005238, 100002375, 100011170]
[100001603, 100018308, 99988155, 99991934]
[99989557, 100007576, 99993154, 100009713]
[100010364, 100006211, 100003131, 99980294]
[99991155, 100007134, 100000736, 100000975]
[100003635, 100000279, 99994564, 100001522]
[99999338, 99987983, 99999637, 100013042]
[100012144, 99979322, 99999832, 100008702]
[99992981, 99989200, 99995525, 100022294]
[100004035, 99994506, 100007072, 99994387]
[100020163, 99996077, 99981883, 100001877]
[99981217, 100005238, 100002375, 100011170]
[100025085, 99998555, 99988096, 99988264]
[99989557, 100007576, 99993154, 100009713]
[99992781, 100008606, 100005867, 99992746]
[99991155, 100007134, 100000736, 100000975]
[100005816, 100001438, 99994975, 99997771]
[99999338, 99987983, 99999637, 100013042]
[99993837, 100006690, 99980002, 100019471]
[99992981, 99989200, 99995525, 100022294]
[99988927, 100011570, 99979866, 100019637]
[100020163, 99996077, 99981883, 100001877]
[99997834, 100003567, 99990915, 100007684]
[100025085, 99998555, 99988096, 99988264]
[99973600, 100017996, 100009149, 99999255]
[99992781, 100008606, 100005867, 99992746]
[100013692, 99982336, 99992248, 100011724]
[100005816, 100001438, 99994975, 99997771]
[99994701, 99997324, 99993004, 100014971]
[99993837, 100006690, 99980002, 100019471]
[100007482, 100003932, 99980802, 100007784]
[99988927, 100011570, 99979866, 100019637]
[99998613, 99996133, 100005360, 99999894]
[99997834, 100003567, 99990915, 100007684]
[99983653, 100001994, 100003556, 100010797]
[99973600, 100017996, 100009149, 99999255]
[100006231, 100016103, 100001000, 99976666]
[100013692, 99982336, 99992248, 100011724]
[99970812, 100022076, 100018716, 99988396]
[99994701, 99997324, 99993004, 100014971]
[99974600, 99998669, 100017741, 100008990]
[100007482, 100003932, 99980802, 100007784]
[99990826, 99996910, 99996706, 100015558]
[99998613, 99996133, 100005360, 99999894]
[99999468, 100006924, 99992164, 100001444]
[99983653, 100001994, 100003556, 100010797]
[99998408, 100004495, 100001105, 99995992]
[100006231, 100016103, 100001000, 99976666]
[99992187, 100008186, 99985556, 100014071]
[99970812, 100022076, 100018716, 99988396]
[99998673, 99980520, 100011316, 100009491]
[99974600, 99998669, 100017741, 100008990]
[99998063, 100001642, 99993768, 100006527]
[99990826, 99996910, 99996706, 100015558]
[99995559, 99987597, 100003778, 100013066]
[99999468, 100006924, 99992164, 100001444]
[100030402, 99994488, 99973551, 100001559]
[99998408, 100004495, 100001105, 99995992]
[99987290, 100018571, 99977737, 100016402]
[99992187, 100008186, 99985556, 100014071]
[99998926, 100010344, 99997152, 99993578]
[99998673, 99980520, 100011316, 100009491]
[99990713, 100006582, 100001543, 100001162]
[99998063, 100001642, 99993768, 100006527]
[100004217, 99999952, 99996541, 99999290]
[99995559, 99987597, 100003778, 100013066]
[99988238, 99996433, 100016852, 99998477]
[100030402, 99994488, 99973551, 100001559]
[99987229, 100005443, 100020615, 99986713]
[99987290, 100018571, 99977737, 100016402]
[100025819, 99958043, 100012605, 100003533]
[99998926, 100010344, 99997152, 99993578]
[99972001, 99999959, 100015027, 100013013]
[99990713, 100006582, 100001543, 100001162]
[100002748, 100011529, 99999120, 99986603]
[100004217, 99999952, 99996541, 99999290]
[100002330, 100011028, 99990791, 99995851]
[99988238, 99996433, 100016852, 99998477]
[99994361, 99995292, 100010602, 99999745]
[99987229, 100005443, 100020615, 99986713]
[99985142, 100003929, 100005263, 100005666]
